Vendor: NVIDIA Corporation
Renderer: GeForce GTX 780 Ti/PCIe/SSE2
OpenGL Version: 4.5.0 NVIDIA 376.53
GLSL: 4.50 NVIDIA

MatrizTrasladado: mat4x4((1.000000, 0.000000, 0.000000, 0.000000), (0.000000, 1.000000, 0.000000, 0.000000), (0.000000, 0.000000, 1.000000, 0.000000), (0.000000, 4.500000, 15.000000, 1.000000))
MatrizTrasladado: mat4x4((1.000000, 0.000000, 0.000000, 0.000000), (0.000000, 1.000000, 0.000000, 0.000000), (0.000000, 0.000000, 1.000000, 0.000000), (0.000000, 2.000000, -50.000000, 1.000000))
MatrizTrasladado: mat4x4((1.000000, 0.000000, 0.000000, 0.000000), (0.000000, 1.000000, 0.000000, 0.000000), (0.000000, 0.000000, 1.000000, 0.000000), (0.000000, 52.000000, 0.000000, 1.000000))
MatrizEscalado: mat4x4((0.500000, 0.000000, 0.000000, 0.000000), (0.000000, 0.250000, 0.000000, 0.000000), (0.000000, 0.000000, 0.500000, 0.000000), (0.000000, 0.000000, 0.000000, 1.000000))
MatrizTrasladado: mat4x4((1.000000, 0.000000, 0.000000, 0.000000), (0.000000, 1.000000, 0.000000, 0.000000), (0.000000, 0.000000, 1.000000, 0.000000), (5.000000, -15.000000, -3.000000, 1.000000))
Recurso nombre: nanosuit.obj
MatrizRotacion: mat4x4((-0.333333, 0.666671, 0.666662, 0.000000), (0.666662, -0.333333, 0.666671, 0.000000), (0.666671, 0.666662, -0.333333, 0.000000), (0.000000, 0.000000, 0.000000, 1.000000))
Se dibuja nodo: 0
Se dibuja nodo: 1
Pre MatrizActual: mat4x4((1.000000, 0.000000, 0.000000, 0.000000), (0.000000, 1.000000, 0.000000, 0.000000), (0.000000, 0.000000, 1.000000, 0.000000), (0.000000, 0.000000, 0.000000, 1.000000))
Post MatrizActual: mat4x4((1.000000, 0.000000, 0.000000, 0.000000), (0.000000, 1.000000, 0.000000, 0.000000), (0.000000, 0.000000, 1.000000, 0.000000), (0.000000, 0.000000, 0.000000, 1.000000))
Se dibuja nodo: 2
Pre MatrizActual: mat4x4((1.000000, 0.000000, 0.000000, 0.000000), (0.000000, 1.000000, 0.000000, 0.000000), (0.000000, 0.000000, 1.000000, 0.000000), (0.000000, 0.000000, 0.000000, 1.000000))
Post MatrizActual: mat4x4((1.000000, 0.000000, 0.000000, 0.000000), (0.000000, 1.000000, 0.000000, 0.000000), (0.000000, 0.000000, 1.000000, 0.000000), (0.000000, 0.000000, 0.000000, 1.000000))
Se dibuja nodo: 3
Pre MatrizActual: mat4x4((1.000000, 0.000000, 0.000000, 0.000000), (0.000000, 1.000000, 0.000000, 0.000000), (0.000000, 0.000000, 1.000000, 0.000000), (0.000000, 0.000000, 0.000000, 1.000000))
Post MatrizActual: mat4x4((1.000000, 0.000000, 0.000000, 0.000000), (0.000000, 1.000000, 0.000000, 0.000000), (0.000000, 0.000000, 1.000000, 0.000000), (0.000000, 4.500000, 15.000000, 1.000000))
Se dibuja nodo: 4
Se dibuja nodo: 5
Pre MatrizActual: mat4x4((1.000000, 0.000000, 0.000000, 0.000000), (0.000000, 1.000000, 0.000000, 0.000000), (0.000000, 0.000000, 1.000000, 0.000000), (0.000000, 0.000000, 0.000000, 1.000000))
Post MatrizActual: mat4x4((1.000000, 0.000000, 0.000000, 0.000000), (0.000000, 1.000000, 0.000000, 0.000000), (0.000000, 0.000000, 1.000000, 0.000000), (0.000000, 0.000000, 0.000000, 1.000000))
Se dibuja nodo: 6
Pre MatrizActual: mat4x4((1.000000, 0.000000, 0.000000, 0.000000), (0.000000, 1.000000, 0.000000, 0.000000), (0.000000, 0.000000, 1.000000, 0.000000), (0.000000, 0.000000, 0.000000, 1.000000))
Post MatrizActual: mat4x4((1.000000, 0.000000, 0.000000, 0.000000), (0.000000, 1.000000, 0.000000, 0.000000), (0.000000, 0.000000, 1.000000, 0.000000), (0.000000, 0.000000, 0.000000, 1.000000))
Se dibuja nodo: 7
Pre MatrizActual: mat4x4((1.000000, 0.000000, 0.000000, 0.000000), (0.000000, 1.000000, 0.000000, 0.000000), (0.000000, 0.000000, 1.000000, 0.000000), (0.000000, 0.000000, 0.000000, 1.000000))
Post MatrizActual: mat4x4((1.000000, 0.000000, 0.000000, 0.000000), (0.000000, 1.000000, 0.000000, 0.000000), (0.000000, 0.000000, 1.000000, 0.000000), (0.000000, 2.000000, -50.000000, 1.000000))
Se dibuja nodo: 8
Se dibuja nodo: 9
Pre MatrizActual: mat4x4((1.000000, 0.000000, 0.000000, 0.000000), (0.000000, 1.000000, 0.000000, 0.000000), (0.000000, 0.000000, 1.000000, 0.000000), (0.000000, 0.000000, 0.000000, 1.000000))
Post MatrizActual: mat4x4((1.000000, 0.000000, 0.000000, 0.000000), (0.000000, 1.000000, 0.000000, 0.000000), (0.000000, 0.000000, 1.000000, 0.000000), (0.000000, 0.000000, 0.000000, 1.000000))
Se dibuja nodo: 10
Pre MatrizActual: mat4x4((1.000000, 0.000000, 0.000000, 0.000000), (0.000000, 1.000000, 0.000000, 0.000000), (0.000000, 0.000000, 1.000000, 0.000000), (0.000000, 0.000000, 0.000000, 1.000000))
Post MatrizActual: mat4x4((1.000000, 0.000000, 0.000000, 0.000000), (0.000000, 1.000000, 0.000000, 0.000000), (0.000000, 0.000000, 1.000000, 0.000000), (0.000000, 0.000000, 0.000000, 1.000000))
Se dibuja nodo: 11
Pre MatrizActual: mat4x4((1.000000, 0.000000, 0.000000, 0.000000), (0.000000, 1.000000, 0.000000, 0.000000), (0.000000, 0.000000, 1.000000, 0.000000), (0.000000, 0.000000, 0.000000, 1.000000))
Post MatrizActual: mat4x4((1.000000, 0.000000, 0.000000, 0.000000), (0.000000, 1.000000, 0.000000, 0.000000), (0.000000, 0.000000, 1.000000, 0.000000), (0.000000, 52.000000, 0.000000, 1.000000))
Se dibuja nodo: 12
Se dibuja nodo: 13
Pre MatrizActual: mat4x4((1.000000, 0.000000, 0.000000, 0.000000), (0.000000, 1.000000, 0.000000, 0.000000), (0.000000, 0.000000, 1.000000, 0.000000), (0.000000, 0.000000, 0.000000, 1.000000))
Post MatrizActual: mat4x4((-0.333333, 0.666671, 0.666662, 0.000000), (0.666662, -0.333333, 0.666671, 0.000000), (0.666671, 0.666662, -0.333333, 0.000000), (0.000000, 0.000000, 0.000000, 1.000000))
Se dibuja nodo: 14
Pre MatrizActual: mat4x4((-0.333333, 0.666671, 0.666662, 0.000000), (0.666662, -0.333333, 0.666671, 0.000000), (0.666671, 0.666662, -0.333333, 0.000000), (0.000000, 0.000000, 0.000000, 1.000000))
Post MatrizActual: mat4x4((-0.166667, 0.333335, 0.333331, 0.000000), (0.166666, -0.083333, 0.166668, 0.000000), (0.333335, 0.333331, -0.166667, 0.000000), (0.000000, 0.000000, 0.000000, 1.000000))
Se dibuja nodo: 15
Pre MatrizActual: mat4x4((-0.166667, 0.333335, 0.333331, 0.000000), (0.166666, -0.083333, 0.166668, 0.000000), (0.333335, 0.333331, -0.166667, 0.000000), (0.000000, 0.000000, 0.000000, 1.000000))
Post MatrizActual: mat4x4((-0.166667, 0.333335, 0.333331, 0.000000), (0.166666, -0.083333, 0.166668, 0.000000), (0.333335, 0.333331, -0.166667, 0.000000), (-4.333324, 1.916683, -0.333359, 1.000000))
Se dibuja nodo: 16
Se dibuja nodo: 0
Se dibuja nodo: 1
Pre MatrizActual: mat4x4((1.000000, 0.000000, 0.000000, 0.000000), (0.000000, 1.000000, 0.000000, 0.000000), (0.000000, 0.000000, 1.000000, 0.000000), (0.000000, 0.000000, 0.000000, 1.000000))
Post MatrizActual: mat4x4((1.000000, 0.000000, 0.000000, 0.000000), (0.000000, 1.000000, 0.000000, 0.000000), (0.000000, 0.000000, 1.000000, 0.000000), (0.000000, 0.000000, 0.000000, 1.000000))
Se dibuja nodo: 2
Pre MatrizActual: mat4x4((1.000000, 0.000000, 0.000000, 0.000000), (0.000000, 1.000000, 0.000000, 0.000000), (0.000000, 0.000000, 1.000000, 0.000000), (0.000000, 0.000000, 0.000000, 1.000000))
Post MatrizActual: mat4x4((1.000000, 0.000000, 0.000000, 0.000000), (0.000000, 1.000000, 0.000000, 0.000000), (0.000000, 0.000000, 1.000000, 0.000000), (0.000000, 0.000000, 0.000000, 1.000000))
Se dibuja nodo: 3
Pre MatrizActual: mat4x4((1.000000, 0.000000, 0.000000, 0.000000), (0.000000, 1.000000, 0.000000, 0.000000), (0.000000, 0.000000, 1.000000, 0.000000), (0.000000, 0.000000, 0.000000, 1.000000))
Post MatrizActual: mat4x4((1.000000, 0.000000, 0.000000, 0.000000), (0.000000, 1.000000, 0.000000, 0.000000), (0.000000, 0.000000, 1.000000, 0.000000), (0.000000, 4.500000, 15.000000, 1.000000))
Se dibuja nodo: 4
Se dibuja nodo: 5
Pre MatrizActual: mat4x4((1.000000, 0.000000, 0.000000, 0.000000), (0.000000, 1.000000, 0.000000, 0.000000), (0.000000, 0.000000, 1.000000, 0.000000), (0.000000, 0.000000, 0.000000, 1.000000))
Post MatrizActual: mat4x4((1.000000, 0.000000, 0.000000, 0.000000), (0.000000, 1.000000, 0.000000, 0.000000), (0.000000, 0.000000, 1.000000, 0.000000), (0.000000, 0.000000, 0.000000, 1.000000))
Se dibuja nodo: 6
Pre MatrizActual: mat4x4((1.000000, 0.000000, 0.000000, 0.000000), (0.000000, 1.000000, 0.000000, 0.000000), (0.000000, 0.000000, 1.000000, 0.000000), (0.000000, 0.000000, 0.000000, 1.000000))
Post MatrizActual: mat4x4((1.000000, 0.000000, 0.000000, 0.000000), (0.000000, 1.000000, 0.000000, 0.000000), (0.000000, 0.000000, 1.000000, 0.000000), (0.000000, 0.000000, 0.000000, 1.000000))
Se dibuja nodo: 7
Pre MatrizActual: mat4x4((1.000000, 0.000000, 0.000000, 0.000000), (0.000000, 1.000000, 0.000000, 0.000000), (0.000000, 0.000000, 1.000000, 0.000000), (0.000000, 0.000000, 0.000000, 1.000000))
Post MatrizActual: mat4x4((1.000000, 0.000000, 0.000000, 0.000000), (0.000000, 1.000000, 0.000000, 0.000000), (0.000000, 0.000000, 1.000000, 0.000000), (0.000000, 2.000000, -50.000000, 1.000000))
Se dibuja nodo: 8
Se dibuja nodo: 9
Pre MatrizActual: mat4x4((1.000000, 0.000000, 0.000000, 0.000000), (0.000000, 1.000000, 0.000000, 0.000000), (0.000000, 0.000000, 1.000000, 0.000000), (0.000000, 0.000000, 0.000000, 1.000000))
Post MatrizActual: mat4x4((1.000000, 0.000000, 0.000000, 0.000000), (0.000000, 1.000000, 0.000000, 0.000000), (0.000000, 0.000000, 1.000000, 0.000000), (0.000000, 0.000000, 0.000000, 1.000000))
Se dibuja nodo: 10
Pre MatrizActual: mat4x4((1.000000, 0.000000, 0.000000, 0.000000), (0.000000, 1.000000, 0.000000, 0.000000), (0.000000, 0.000000, 1.000000, 0.000000), (0.000000, 0.000000, 0.000000, 1.000000))
Post MatrizActual: mat4x4((1.000000, 0.000000, 0.000000, 0.000000), (0.000000, 1.000000, 0.000000, 0.000000), (0.000000, 0.000000, 1.000000, 0.000000), (0.000000, 0.000000, 0.000000, 1.000000))
Se dibuja nodo: 11
Pre MatrizActual: mat4x4((1.000000, 0.000000, 0.000000, 0.000000), (0.000000, 1.000000, 0.000000, 0.000000), (0.000000, 0.000000, 1.000000, 0.000000), (0.000000, 0.000000, 0.000000, 1.000000))
Post MatrizActual: mat4x4((1.000000, 0.000000, 0.000000, 0.000000), (0.000000, 1.000000, 0.000000, 0.000000), (0.000000, 0.000000, 1.000000, 0.000000), (0.000000, 52.000000, 0.000000, 1.000000))
Se dibuja nodo: 12
Se dibuja nodo: 13
Pre MatrizActual: mat4x4((1.000000, 0.000000, 0.000000, 0.000000), (0.000000, 1.000000, 0.000000, 0.000000), (0.000000, 0.000000, 1.000000, 0.000000), (0.000000, 0.000000, 0.000000, 1.000000))
Post MatrizActual: mat4x4((-0.333333, 0.666671, 0.666662, 0.000000), (0.666662, -0.333333, 0.666671, 0.000000), (0.666671, 0.666662, -0.333333, 0.000000), (0.000000, 0.000000, 0.000000, 1.000000))
Se dibuja nodo: 14
Pre MatrizActual: mat4x4((-0.333333, 0.666671, 0.666662, 0.000000), (0.666662, -0.333333, 0.666671, 0.000000), (0.666671, 0.666662, -0.333333, 0.000000), (0.000000, 0.000000, 0.000000, 1.000000))
Post MatrizActual: mat4x4((-0.166667, 0.333335, 0.333331, 0.000000), (0.166666, -0.083333, 0.166668, 0.000000), (0.333335, 0.333331, -0.166667, 0.000000), (0.000000, 0.000000, 0.000000, 1.000000))
Se dibuja nodo: 15
Pre MatrizActual: mat4x4((-0.166667, 0.333335, 0.333331, 0.000000), (0.166666, -0.083333, 0.166668, 0.000000), (0.333335, 0.333331, -0.166667, 0.000000), (0.000000, 0.000000, 0.000000, 1.000000))
Post MatrizActual: mat4x4((-0.166667, 0.333335, 0.333331, 0.000000), (0.166666, -0.083333, 0.166668, 0.000000), (0.333335, 0.333331, -0.166667, 0.000000), (-4.333324, 1.916683, -0.333359, 1.000000))
Se dibuja nodo: 16
Se dibuja nodo: 0
Se dibuja nodo: 1
Pre MatrizActual: mat4x4((1.000000, 0.000000, 0.000000, 0.000000), (0.000000, 1.000000, 0.000000, 0.000000), (0.000000, 0.000000, 1.000000, 0.000000), (0.000000, 0.000000, 0.000000, 1.000000))
Post MatrizActual: mat4x4((1.000000, 0.000000, 0.000000, 0.000000), (0.000000, 1.000000, 0.000000, 0.000000), (0.000000, 0.000000, 1.000000, 0.000000), (0.000000, 0.000000, 0.000000, 1.000000))
Se dibuja nodo: 2
Pre MatrizActual: mat4x4((1.000000, 0.000000, 0.000000, 0.000000), (0.000000, 1.000000, 0.000000, 0.000000), (0.000000, 0.000000, 1.000000, 0.000000), (0.000000, 0.000000, 0.000000, 1.000000))
Post MatrizActual: mat4x4((1.000000, 0.000000, 0.000000, 0.000000), (0.000000, 1.000000, 0.000000, 0.000000), (0.000000, 0.000000, 1.000000, 0.000000), (0.000000, 0.000000, 0.000000, 1.000000))
Se dibuja nodo: 3
Pre MatrizActual: mat4x4((1.000000, 0.000000, 0.000000, 0.000000), (0.000000, 1.000000, 0.000000, 0.000000), (0.000000, 0.000000, 1.000000, 0.000000), (0.000000, 0.000000, 0.000000, 1.000000))
Post MatrizActual: mat4x4((1.000000, 0.000000, 0.000000, 0.000000), (0.000000, 1.000000, 0.000000, 0.000000), (0.000000, 0.000000, 1.000000, 0.000000), (0.000000, 4.500000, 15.000000, 1.000000))
Se dibuja nodo: 4
Se dibuja nodo: 5
Pre MatrizActual: mat4x4((1.000000, 0.000000, 0.000000, 0.000000), (0.000000, 1.000000, 0.000000, 0.000000), (0.000000, 0.000000, 1.000000, 0.000000), (0.000000, 0.000000, 0.000000, 1.000000))
Post MatrizActual: mat4x4((1.000000, 0.000000, 0.000000, 0.000000), (0.000000, 1.000000, 0.000000, 0.000000), (0.000000, 0.000000, 1.000000, 0.000000), (0.000000, 0.000000, 0.000000, 1.000000))
Se dibuja nodo: 6
Pre MatrizActual: mat4x4((1.000000, 0.000000, 0.000000, 0.000000), (0.000000, 1.000000, 0.000000, 0.000000), (0.000000, 0.000000, 1.000000, 0.000000), (0.000000, 0.000000, 0.000000, 1.000000))
Post MatrizActual: mat4x4((1.000000, 0.000000, 0.000000, 0.000000), (0.000000, 1.000000, 0.000000, 0.000000), (0.000000, 0.000000, 1.000000, 0.000000), (0.000000, 0.000000, 0.000000, 1.000000))
Se dibuja nodo: 7
Pre MatrizActual: mat4x4((1.000000, 0.000000, 0.000000, 0.000000), (0.000000, 1.000000, 0.000000, 0.000000), (0.000000, 0.000000, 1.000000, 0.000000), (0.000000, 0.000000, 0.000000, 1.000000))
Post MatrizActual: mat4x4((1.000000, 0.000000, 0.000000, 0.000000), (0.000000, 1.000000, 0.000000, 0.000000), (0.000000, 0.000000, 1.000000, 0.000000), (0.000000, 2.000000, -50.000000, 1.000000))
Se dibuja nodo: 8
Se dibuja nodo: 9
Pre MatrizActual: mat4x4((1.000000, 0.000000, 0.000000, 0.000000), (0.000000, 1.000000, 0.000000, 0.000000), (0.000000, 0.000000, 1.000000, 0.000000), (0.000000, 0.000000, 0.000000, 1.000000))
Post MatrizActual: mat4x4((1.000000, 0.000000, 0.000000, 0.000000), (0.000000, 1.000000, 0.000000, 0.000000), (0.000000, 0.000000, 1.000000, 0.000000), (0.000000, 0.000000, 0.000000, 1.000000))
Se dibuja nodo: 10
Pre MatrizActual: mat4x4((1.000000, 0.000000, 0.000000, 0.000000), (0.000000, 1.000000, 0.000000, 0.000000), (0.000000, 0.000000, 1.000000, 0.000000), (0.000000, 0.000000, 0.000000, 1.000000))
Post MatrizActual: mat4x4((1.000000, 0.000000, 0.000000, 0.000000), (0.000000, 1.000000, 0.000000, 0.000000), (0.000000, 0.000000, 1.000000, 0.000000), (0.000000, 0.000000, 0.000000, 1.000000))
Se dibuja nodo: 11
Pre MatrizActual: mat4x4((1.000000, 0.000000, 0.000000, 0.000000), (0.000000, 1.000000, 0.000000, 0.000000), (0.000000, 0.000000, 1.000000, 0.000000), (0.000000, 0.000000, 0.000000, 1.000000))
Post MatrizActual: mat4x4((1.000000, 0.000000, 0.000000, 0.000000), (0.000000, 1.000000, 0.000000, 0.000000), (0.000000, 0.000000, 1.000000, 0.000000), (0.000000, 52.000000, 0.000000, 1.000000))
Se dibuja nodo: 12
Se dibuja nodo: 13
Pre MatrizActual: mat4x4((1.000000, 0.000000, 0.000000, 0.000000), (0.000000, 1.000000, 0.000000, 0.000000), (0.000000, 0.000000, 1.000000, 0.000000), (0.000000, 0.000000, 0.000000, 1.000000))
Post MatrizActual: mat4x4((-0.333333, 0.666671, 0.666662, 0.000000), (0.666662, -0.333333, 0.666671, 0.000000), (0.666671, 0.666662, -0.333333, 0.000000), (0.000000, 0.000000, 0.000000, 1.000000))
Se dibuja nodo: 14
Pre MatrizActual: mat4x4((-0.333333, 0.666671, 0.666662, 0.000000), (0.666662, -0.333333, 0.666671, 0.000000), (0.666671, 0.666662, -0.333333, 0.000000), (0.000000, 0.000000, 0.000000, 1.000000))
Post MatrizActual: mat4x4((-0.166667, 0.333335, 0.333331, 0.000000), (0.166666, -0.083333, 0.166668, 0.000000), (0.333335, 0.333331, -0.166667, 0.000000), (0.000000, 0.000000, 0.000000, 1.000000))
Se dibuja nodo: 15
Pre MatrizActual: mat4x4((-0.166667, 0.333335, 0.333331, 0.000000), (0.166666, -0.083333, 0.166668, 0.000000), (0.333335, 0.333331, -0.166667, 0.000000), (0.000000, 0.000000, 0.000000, 1.000000))
Post MatrizActual: mat4x4((-0.166667, 0.333335, 0.333331, 0.000000), (0.166666, -0.083333, 0.166668, 0.000000), (0.333335, 0.333331, -0.166667, 0.000000), (-4.333324, 1.916683, -0.333359, 1.000000))
Se dibuja nodo: 16
Se dibuja nodo: 0
Se dibuja nodo: 1
Pre MatrizActual: mat4x4((1.000000, 0.000000, 0.000000, 0.000000), (0.000000, 1.000000, 0.000000, 0.000000), (0.000000, 0.000000, 1.000000, 0.000000), (0.000000, 0.000000, 0.000000, 1.000000))
Post MatrizActual: mat4x4((1.000000, 0.000000, 0.000000, 0.000000), (0.000000, 1.000000, 0.000000, 0.000000), (0.000000, 0.000000, 1.000000, 0.000000), (0.000000, 0.000000, 0.000000, 1.000000))
Se dibuja nodo: 2
Pre MatrizActual: mat4x4((1.000000, 0.000000, 0.000000, 0.000000), (0.000000, 1.000000, 0.000000, 0.000000), (0.000000, 0.000000, 1.000000, 0.000000), (0.000000, 0.000000, 0.000000, 1.000000))
Post MatrizActual: mat4x4((1.000000, 0.000000, 0.000000, 0.000000), (0.000000, 1.000000, 0.000000, 0.000000), (0.000000, 0.000000, 1.000000, 0.000000), (0.000000, 0.000000, 0.000000, 1.000000))
Se dibuja nodo: 3
Pre MatrizActual: mat4x4((1.000000, 0.000000, 0.000000, 0.000000), (0.000000, 1.000000, 0.000000, 0.000000), (0.000000, 0.000000, 1.000000, 0.000000), (0.000000, 0.000000, 0.000000, 1.000000))
Post MatrizActual: mat4x4((1.000000, 0.000000, 0.000000, 0.000000), (0.000000, 1.000000, 0.000000, 0.000000), (0.000000, 0.000000, 1.000000, 0.000000), (0.000000, 4.500000, 15.000000, 1.000000))
Se dibuja nodo: 4
Se dibuja nodo: 5
Pre MatrizActual: mat4x4((1.000000, 0.000000, 0.000000, 0.000000), (0.000000, 1.000000, 0.000000, 0.000000), (0.000000, 0.000000, 1.000000, 0.000000), (0.000000, 0.000000, 0.000000, 1.000000))
Post MatrizActual: mat4x4((1.000000, 0.000000, 0.000000, 0.000000), (0.000000, 1.000000, 0.000000, 0.000000), (0.000000, 0.000000, 1.000000, 0.000000), (0.000000, 0.000000, 0.000000, 1.000000))
Se dibuja nodo: 6
Pre MatrizActual: mat4x4((1.000000, 0.000000, 0.000000, 0.000000), (0.000000, 1.000000, 0.000000, 0.000000), (0.000000, 0.000000, 1.000000, 0.000000), (0.000000, 0.000000, 0.000000, 1.000000))
Post MatrizActual: mat4x4((1.000000, 0.000000, 0.000000, 0.000000), (0.000000, 1.000000, 0.000000, 0.000000), (0.000000, 0.000000, 1.000000, 0.000000), (0.000000, 0.000000, 0.000000, 1.000000))
Se dibuja nodo: 7
Pre MatrizActual: mat4x4((1.000000, 0.000000, 0.000000, 0.000000), (0.000000, 1.000000, 0.000000, 0.000000), (0.000000, 0.000000, 1.000000, 0.000000), (0.000000, 0.000000, 0.000000, 1.000000))
Post MatrizActual: mat4x4((1.000000, 0.000000, 0.000000, 0.000000), (0.000000, 1.000000, 0.000000, 0.000000), (0.000000, 0.000000, 1.000000, 0.000000), (0.000000, 2.000000, -50.000000, 1.000000))
Se dibuja nodo: 8
Se dibuja nodo: 9
Pre MatrizActual: mat4x4((1.000000, 0.000000, 0.000000, 0.000000), (0.000000, 1.000000, 0.000000, 0.000000), (0.000000, 0.000000, 1.000000, 0.000000), (0.000000, 0.000000, 0.000000, 1.000000))
Post MatrizActual: mat4x4((1.000000, 0.000000, 0.000000, 0.000000), (0.000000, 1.000000, 0.000000, 0.000000), (0.000000, 0.000000, 1.000000, 0.000000), (0.000000, 0.000000, 0.000000, 1.000000))
Se dibuja nodo: 10
Pre MatrizActual: mat4x4((1.000000, 0.000000, 0.000000, 0.000000), (0.000000, 1.000000, 0.000000, 0.000000), (0.000000, 0.000000, 1.000000, 0.000000), (0.000000, 0.000000, 0.000000, 1.000000))
Post MatrizActual: mat4x4((1.000000, 0.000000, 0.000000, 0.000000), (0.000000, 1.000000, 0.000000, 0.000000), (0.000000, 0.000000, 1.000000, 0.000000), (0.000000, 0.000000, 0.000000, 1.000000))
Se dibuja nodo: 11
Pre MatrizActual: mat4x4((1.000000, 0.000000, 0.000000, 0.000000), (0.000000, 1.000000, 0.000000, 0.000000), (0.000000, 0.000000, 1.000000, 0.000000), (0.000000, 0.000000, 0.000000, 1.000000))
Post MatrizActual: mat4x4((1.000000, 0.000000, 0.000000, 0.000000), (0.000000, 1.000000, 0.000000, 0.000000), (0.000000, 0.000000, 1.000000, 0.000000), (0.000000, 52.000000, 0.000000, 1.000000))
Se dibuja nodo: 12
Se dibuja nodo: 13
Pre MatrizActual: mat4x4((1.000000, 0.000000, 0.000000, 0.000000), (0.000000, 1.000000, 0.000000, 0.000000), (0.000000, 0.000000, 1.000000, 0.000000), (0.000000, 0.000000, 0.000000, 1.000000))
Post MatrizActual: mat4x4((-0.333333, 0.666671, 0.666662, 0.000000), (0.666662, -0.333333, 0.666671, 0.000000), (0.666671, 0.666662, -0.333333, 0.000000), (0.000000, 0.000000, 0.000000, 1.000000))
Se dibuja nodo: 14
Pre MatrizActual: mat4x4((-0.333333, 0.666671, 0.666662, 0.000000), (0.666662, -0.333333, 0.666671, 0.000000), (0.666671, 0.666662, -0.333333, 0.000000), (0.000000, 0.000000, 0.000000, 1.000000))
Post MatrizActual: mat4x4((-0.166667, 0.333335, 0.333331, 0.000000), (0.166666, -0.083333, 0.166668, 0.000000), (0.333335, 0.333331, -0.166667, 0.000000), (0.000000, 0.000000, 0.000000, 1.000000))
Se dibuja nodo: 15
Pre MatrizActual: mat4x4((-0.166667, 0.333335, 0.333331, 0.000000), (0.166666, -0.083333, 0.166668, 0.000000), (0.333335, 0.333331, -0.166667, 0.000000), (0.000000, 0.000000, 0.000000, 1.000000))
Post MatrizActual: mat4x4((-0.166667, 0.333335, 0.333331, 0.000000), (0.166666, -0.083333, 0.166668, 0.000000), (0.333335, 0.333331, -0.166667, 0.000000), (-4.333324, 1.916683, -0.333359, 1.000000))
Se dibuja nodo: 16
Se dibuja nodo: 0
Se dibuja nodo: 1
Pre MatrizActual: mat4x4((1.000000, 0.000000, 0.000000, 0.000000), (0.000000, 1.000000, 0.000000, 0.000000), (0.000000, 0.000000, 1.000000, 0.000000), (0.000000, 0.000000, 0.000000, 1.000000))
Post MatrizActual: mat4x4((1.000000, 0.000000, 0.000000, 0.000000), (0.000000, 1.000000, 0.000000, 0.000000), (0.000000, 0.000000, 1.000000, 0.000000), (0.000000, 0.000000, 0.000000, 1.000000))
Se dibuja nodo: 2
Pre MatrizActual: mat4x4((1.000000, 0.000000, 0.000000, 0.000000), (0.000000, 1.000000, 0.000000, 0.000000), (0.000000, 0.000000, 1.000000, 0.000000), (0.000000, 0.000000, 0.000000, 1.000000))
Post MatrizActual: mat4x4((1.000000, 0.000000, 0.000000, 0.000000), (0.000000, 1.000000, 0.000000, 0.000000), (0.000000, 0.000000, 1.000000, 0.000000), (0.000000, 0.000000, 0.000000, 1.000000))
Se dibuja nodo: 3
Pre MatrizActual: mat4x4((1.000000, 0.000000, 0.000000, 0.000000), (0.000000, 1.000000, 0.000000, 0.000000), (0.000000, 0.000000, 1.000000, 0.000000), (0.000000, 0.000000, 0.000000, 1.000000))
Post MatrizActual: mat4x4((1.000000, 0.000000, 0.000000, 0.000000), (0.000000, 1.000000, 0.000000, 0.000000), (0.000000, 0.000000, 1.000000, 0.000000), (0.000000, 4.500000, 15.000000, 1.000000))
Se dibuja nodo: 4
Se dibuja nodo: 5
Pre MatrizActual: mat4x4((1.000000, 0.000000, 0.000000, 0.000000), (0.000000, 1.000000, 0.000000, 0.000000), (0.000000, 0.000000, 1.000000, 0.000000), (0.000000, 0.000000, 0.000000, 1.000000))
Post MatrizActual: mat4x4((1.000000, 0.000000, 0.000000, 0.000000), (0.000000, 1.000000, 0.000000, 0.000000), (0.000000, 0.000000, 1.000000, 0.000000), (0.000000, 0.000000, 0.000000, 1.000000))
Se dibuja nodo: 6
Pre MatrizActual: mat4x4((1.000000, 0.000000, 0.000000, 0.000000), (0.000000, 1.000000, 0.000000, 0.000000), (0.000000, 0.000000, 1.000000, 0.000000), (0.000000, 0.000000, 0.000000, 1.000000))
Post MatrizActual: mat4x4((1.000000, 0.000000, 0.000000, 0.000000), (0.000000, 1.000000, 0.000000, 0.000000), (0.000000, 0.000000, 1.000000, 0.000000), (0.000000, 0.000000, 0.000000, 1.000000))
Se dibuja nodo: 7
Pre MatrizActual: mat4x4((1.000000, 0.000000, 0.000000, 0.000000), (0.000000, 1.000000, 0.000000, 0.000000), (0.000000, 0.000000, 1.000000, 0.000000), (0.000000, 0.000000, 0.000000, 1.000000))
Post MatrizActual: mat4x4((1.000000, 0.000000, 0.000000, 0.000000), (0.000000, 1.000000, 0.000000, 0.000000), (0.000000, 0.000000, 1.000000, 0.000000), (0.000000, 2.000000, -50.000000, 1.000000))
Se dibuja nodo: 8
Se dibuja nodo: 9
Pre MatrizActual: mat4x4((1.000000, 0.000000, 0.000000, 0.000000), (0.000000, 1.000000, 0.000000, 0.000000), (0.000000, 0.000000, 1.000000, 0.000000), (0.000000, 0.000000, 0.000000, 1.000000))
Post MatrizActual: mat4x4((1.000000, 0.000000, 0.000000, 0.000000), (0.000000, 1.000000, 0.000000, 0.000000), (0.000000, 0.000000, 1.000000, 0.000000), (0.000000, 0.000000, 0.000000, 1.000000))
Se dibuja nodo: 10
Pre MatrizActual: mat4x4((1.000000, 0.000000, 0.000000, 0.000000), (0.000000, 1.000000, 0.000000, 0.000000), (0.000000, 0.000000, 1.000000, 0.000000), (0.000000, 0.000000, 0.000000, 1.000000))
Post MatrizActual: mat4x4((1.000000, 0.000000, 0.000000, 0.000000), (0.000000, 1.000000, 0.000000, 0.000000), (0.000000, 0.000000, 1.000000, 0.000000), (0.000000, 0.000000, 0.000000, 1.000000))
Se dibuja nodo: 11
Pre MatrizActual: mat4x4((1.000000, 0.000000, 0.000000, 0.000000), (0.000000, 1.000000, 0.000000, 0.000000), (0.000000, 0.000000, 1.000000, 0.000000), (0.000000, 0.000000, 0.000000, 1.000000))
Post MatrizActual: mat4x4((1.000000, 0.000000, 0.000000, 0.000000), (0.000000, 1.000000, 0.000000, 0.000000), (0.000000, 0.000000, 1.000000, 0.000000), (0.000000, 52.000000, 0.000000, 1.000000))
Se dibuja nodo: 12
Se dibuja nodo: 13
Pre MatrizActual: mat4x4((1.000000, 0.000000, 0.000000, 0.000000), (0.000000, 1.000000, 0.000000, 0.000000), (0.000000, 0.000000, 1.000000, 0.000000), (0.000000, 0.000000, 0.000000, 1.000000))
Post MatrizActual: mat4x4((-0.333333, 0.666671, 0.666662, 0.000000), (0.666662, -0.333333, 0.666671, 0.000000), (0.666671, 0.666662, -0.333333, 0.000000), (0.000000, 0.000000, 0.000000, 1.000000))
Se dibuja nodo: 14
Pre MatrizActual: mat4x4((-0.333333, 0.666671, 0.666662, 0.000000), (0.666662, -0.333333, 0.666671, 0.000000), (0.666671, 0.666662, -0.333333, 0.000000), (0.000000, 0.000000, 0.000000, 1.000000))
Post MatrizActual: mat4x4((-0.166667, 0.333335, 0.333331, 0.000000), (0.166666, -0.083333, 0.166668, 0.000000), (0.333335, 0.333331, -0.166667, 0.000000), (0.000000, 0.000000, 0.000000, 1.000000))
Se dibuja nodo: 15
Pre MatrizActual: mat4x4((-0.166667, 0.333335, 0.333331, 0.000000), (0.166666, -0.083333, 0.166668, 0.000000), (0.333335, 0.333331, -0.166667, 0.000000), (0.000000, 0.000000, 0.000000, 1.000000))
Post MatrizActual: mat4x4((-0.166667, 0.333335, 0.333331, 0.000000), (0.166666, -0.083333, 0.166668, 0.000000), (0.333335, 0.333331, -0.166667, 0.000000), (-4.333324, 1.916683, -0.333359, 1.000000))
Se dibuja nodo: 16
Se dibuja nodo: 0
Se dibuja nodo: 1
Pre MatrizActual: mat4x4((1.000000, 0.000000, 0.000000, 0.000000), (0.000000, 1.000000, 0.000000, 0.000000), (0.000000, 0.000000, 1.000000, 0.000000), (0.000000, 0.000000, 0.000000, 1.000000))
Post MatrizActual: mat4x4((1.000000, 0.000000, 0.000000, 0.000000), (0.000000, 1.000000, 0.000000, 0.000000), (0.000000, 0.000000, 1.000000, 0.000000), (0.000000, 0.000000, 0.000000, 1.000000))
Se dibuja nodo: 2
Pre MatrizActual: mat4x4((1.000000, 0.000000, 0.000000, 0.000000), (0.000000, 1.000000, 0.000000, 0.000000), (0.000000, 0.000000, 1.000000, 0.000000), (0.000000, 0.000000, 0.000000, 1.000000))
Post MatrizActual: mat4x4((1.000000, 0.000000, 0.000000, 0.000000), (0.000000, 1.000000, 0.000000, 0.000000), (0.000000, 0.000000, 1.000000, 0.000000), (0.000000, 0.000000, 0.000000, 1.000000))
Se dibuja nodo: 3
Pre MatrizActual: mat4x4((1.000000, 0.000000, 0.000000, 0.000000), (0.000000, 1.000000, 0.000000, 0.000000), (0.000000, 0.000000, 1.000000, 0.000000), (0.000000, 0.000000, 0.000000, 1.000000))
Post MatrizActual: mat4x4((1.000000, 0.000000, 0.000000, 0.000000), (0.000000, 1.000000, 0.000000, 0.000000), (0.000000, 0.000000, 1.000000, 0.000000), (0.000000, 4.500000, 15.000000, 1.000000))
Se dibuja nodo: 4
Se dibuja nodo: 5
Pre MatrizActual: mat4x4((1.000000, 0.000000, 0.000000, 0.000000), (0.000000, 1.000000, 0.000000, 0.000000), (0.000000, 0.000000, 1.000000, 0.000000), (0.000000, 0.000000, 0.000000, 1.000000))
Post MatrizActual: mat4x4((1.000000, 0.000000, 0.000000, 0.000000), (0.000000, 1.000000, 0.000000, 0.000000), (0.000000, 0.000000, 1.000000, 0.000000), (0.000000, 0.000000, 0.000000, 1.000000))
Se dibuja nodo: 6
Pre MatrizActual: mat4x4((1.000000, 0.000000, 0.000000, 0.000000), (0.000000, 1.000000, 0.000000, 0.000000), (0.000000, 0.000000, 1.000000, 0.000000), (0.000000, 0.000000, 0.000000, 1.000000))
Post MatrizActual: mat4x4((1.000000, 0.000000, 0.000000, 0.000000), (0.000000, 1.000000, 0.000000, 0.000000), (0.000000, 0.000000, 1.000000, 0.000000), (0.000000, 0.000000, 0.000000, 1.000000))
Se dibuja nodo: 7
Pre MatrizActual: mat4x4((1.000000, 0.000000, 0.000000, 0.000000), (0.000000, 1.000000, 0.000000, 0.000000), (0.000000, 0.000000, 1.000000, 0.000000), (0.000000, 0.000000, 0.000000, 1.000000))
Post MatrizActual: mat4x4((1.000000, 0.000000, 0.000000, 0.000000), (0.000000, 1.000000, 0.000000, 0.000000), (0.000000, 0.000000, 1.000000, 0.000000), (0.000000, 2.000000, -50.000000, 1.000000))
Se dibuja nodo: 8
Se dibuja nodo: 9
Pre MatrizActual: mat4x4((1.000000, 0.000000, 0.000000, 0.000000), (0.000000, 1.000000, 0.000000, 0.000000), (0.000000, 0.000000, 1.000000, 0.000000), (0.000000, 0.000000, 0.000000, 1.000000))
Post MatrizActual: mat4x4((1.000000, 0.000000, 0.000000, 0.000000), (0.000000, 1.000000, 0.000000, 0.000000), (0.000000, 0.000000, 1.000000, 0.000000), (0.000000, 0.000000, 0.000000, 1.000000))
Se dibuja nodo: 10
Pre MatrizActual: mat4x4((1.000000, 0.000000, 0.000000, 0.000000), (0.000000, 1.000000, 0.000000, 0.000000), (0.000000, 0.000000, 1.000000, 0.000000), (0.000000, 0.000000, 0.000000, 1.000000))
Post MatrizActual: mat4x4((1.000000, 0.000000, 0.000000, 0.000000), (0.000000, 1.000000, 0.000000, 0.000000), (0.000000, 0.000000, 1.000000, 0.000000), (0.000000, 0.000000, 0.000000, 1.000000))
Se dibuja nodo: 11
Pre MatrizActual: mat4x4((1.000000, 0.000000, 0.000000, 0.000000), (0.000000, 1.000000, 0.000000, 0.000000), (0.000000, 0.000000, 1.000000, 0.000000), (0.000000, 0.000000, 0.000000, 1.000000))
Post MatrizActual: mat4x4((1.000000, 0.000000, 0.000000, 0.000000), (0.000000, 1.000000, 0.000000, 0.000000), (0.000000, 0.000000, 1.000000, 0.000000), (0.000000, 52.000000, 0.000000, 1.000000))
Se dibuja nodo: 12
Se dibuja nodo: 13
Pre MatrizActual: mat4x4((1.000000, 0.000000, 0.000000, 0.000000), (0.000000, 1.000000, 0.000000, 0.000000), (0.000000, 0.000000, 1.000000, 0.000000), (0.000000, 0.000000, 0.000000, 1.000000))
Post MatrizActual: mat4x4((-0.333333, 0.666671, 0.666662, 0.000000), (0.666662, -0.333333, 0.666671, 0.000000), (0.666671, 0.666662, -0.333333, 0.000000), (0.000000, 0.000000, 0.000000, 1.000000))
Se dibuja nodo: 14
Pre MatrizActual: mat4x4((-0.333333, 0.666671, 0.666662, 0.000000), (0.666662, -0.333333, 0.666671, 0.000000), (0.666671, 0.666662, -0.333333, 0.000000), (0.000000, 0.000000, 0.000000, 1.000000))
Post MatrizActual: mat4x4((-0.166667, 0.333335, 0.333331, 0.000000), (0.166666, -0.083333, 0.166668, 0.000000), (0.333335, 0.333331, -0.166667, 0.000000), (0.000000, 0.000000, 0.000000, 1.000000))
Se dibuja nodo: 15
Pre MatrizActual: mat4x4((-0.166667, 0.333335, 0.333331, 0.000000), (0.166666, -0.083333, 0.166668, 0.000000), (0.333335, 0.333331, -0.166667, 0.000000), (0.000000, 0.000000, 0.000000, 1.000000))
Post MatrizActual: mat4x4((-0.166667, 0.333335, 0.333331, 0.000000), (0.166666, -0.083333, 0.166668, 0.000000), (0.333335, 0.333331, -0.166667, 0.000000), (-4.333324, 1.916683, -0.333359, 1.000000))
Se dibuja nodo: 16
Se dibuja nodo: 0
Se dibuja nodo: 1
Pre MatrizActual: mat4x4((1.000000, 0.000000, 0.000000, 0.000000), (0.000000, 1.000000, 0.000000, 0.000000), (0.000000, 0.000000, 1.000000, 0.000000), (0.000000, 0.000000, 0.000000, 1.000000))
Post MatrizActual: mat4x4((1.000000, 0.000000, 0.000000, 0.000000), (0.000000, 1.000000, 0.000000, 0.000000), (0.000000, 0.000000, 1.000000, 0.000000), (0.000000, 0.000000, 0.000000, 1.000000))
Se dibuja nodo: 2
Pre MatrizActual: mat4x4((1.000000, 0.000000, 0.000000, 0.000000), (0.000000, 1.000000, 0.000000, 0.000000), (0.000000, 0.000000, 1.000000, 0.000000), (0.000000, 0.000000, 0.000000, 1.000000))
Post MatrizActual: mat4x4((1.000000, 0.000000, 0.000000, 0.000000), (0.000000, 1.000000, 0.000000, 0.000000), (0.000000, 0.000000, 1.000000, 0.000000), (0.000000, 0.000000, 0.000000, 1.000000))
Se dibuja nodo: 3
Pre MatrizActual: mat4x4((1.000000, 0.000000, 0.000000, 0.000000), (0.000000, 1.000000, 0.000000, 0.000000), (0.000000, 0.000000, 1.000000, 0.000000), (0.000000, 0.000000, 0.000000, 1.000000))
Post MatrizActual: mat4x4((1.000000, 0.000000, 0.000000, 0.000000), (0.000000, 1.000000, 0.000000, 0.000000), (0.000000, 0.000000, 1.000000, 0.000000), (0.000000, 4.500000, 15.000000, 1.000000))
Se dibuja nodo: 4
Se dibuja nodo: 5
Pre MatrizActual: mat4x4((1.000000, 0.000000, 0.000000, 0.000000), (0.000000, 1.000000, 0.000000, 0.000000), (0.000000, 0.000000, 1.000000, 0.000000), (0.000000, 0.000000, 0.000000, 1.000000))
Post MatrizActual: mat4x4((1.000000, 0.000000, 0.000000, 0.000000), (0.000000, 1.000000, 0.000000, 0.000000), (0.000000, 0.000000, 1.000000, 0.000000), (0.000000, 0.000000, 0.000000, 1.000000))
Se dibuja nodo: 6
Pre MatrizActual: mat4x4((1.000000, 0.000000, 0.000000, 0.000000), (0.000000, 1.000000, 0.000000, 0.000000), (0.000000, 0.000000, 1.000000, 0.000000), (0.000000, 0.000000, 0.000000, 1.000000))
Post MatrizActual: mat4x4((1.000000, 0.000000, 0.000000, 0.000000), (0.000000, 1.000000, 0.000000, 0.000000), (0.000000, 0.000000, 1.000000, 0.000000), (0.000000, 0.000000, 0.000000, 1.000000))
Se dibuja nodo: 7
Pre MatrizActual: mat4x4((1.000000, 0.000000, 0.000000, 0.000000), (0.000000, 1.000000, 0.000000, 0.000000), (0.000000, 0.000000, 1.000000, 0.000000), (0.000000, 0.000000, 0.000000, 1.000000))
Post MatrizActual: mat4x4((1.000000, 0.000000, 0.000000, 0.000000), (0.000000, 1.000000, 0.000000, 0.000000), (0.000000, 0.000000, 1.000000, 0.000000), (0.000000, 2.000000, -50.000000, 1.000000))
Se dibuja nodo: 8
Se dibuja nodo: 9
Pre MatrizActual: mat4x4((1.000000, 0.000000, 0.000000, 0.000000), (0.000000, 1.000000, 0.000000, 0.000000), (0.000000, 0.000000, 1.000000, 0.000000), (0.000000, 0.000000, 0.000000, 1.000000))
Post MatrizActual: mat4x4((1.000000, 0.000000, 0.000000, 0.000000), (0.000000, 1.000000, 0.000000, 0.000000), (0.000000, 0.000000, 1.000000, 0.000000), (0.000000, 0.000000, 0.000000, 1.000000))
Se dibuja nodo: 10
Pre MatrizActual: mat4x4((1.000000, 0.000000, 0.000000, 0.000000), (0.000000, 1.000000, 0.000000, 0.000000), (0.000000, 0.000000, 1.000000, 0.000000), (0.000000, 0.000000, 0.000000, 1.000000))
Post MatrizActual: mat4x4((1.000000, 0.000000, 0.000000, 0.000000), (0.000000, 1.000000, 0.000000, 0.000000), (0.000000, 0.000000, 1.000000, 0.000000), (0.000000, 0.000000, 0.000000, 1.000000))
Se dibuja nodo: 11
Pre MatrizActual: mat4x4((1.000000, 0.000000, 0.000000, 0.000000), (0.000000, 1.000000, 0.000000, 0.000000), (0.000000, 0.000000, 1.000000, 0.000000), (0.000000, 0.000000, 0.000000, 1.000000))
Post MatrizActual: mat4x4((1.000000, 0.000000, 0.000000, 0.000000), (0.000000, 1.000000, 0.000000, 0.000000), (0.000000, 0.000000, 1.000000, 0.000000), (0.000000, 52.000000, 0.000000, 1.000000))
Se dibuja nodo: 12
Se dibuja nodo: 13
Pre MatrizActual: mat4x4((1.000000, 0.000000, 0.000000, 0.000000), (0.000000, 1.000000, 0.000000, 0.000000), (0.000000, 0.000000, 1.000000, 0.000000), (0.000000, 0.000000, 0.000000, 1.000000))
Post MatrizActual: mat4x4((-0.333333, 0.666671, 0.666662, 0.000000), (0.666662, -0.333333, 0.666671, 0.000000), (0.666671, 0.666662, -0.333333, 0.000000), (0.000000, 0.000000, 0.000000, 1.000000))
Se dibuja nodo: 14
Pre MatrizActual: mat4x4((-0.333333, 0.666671, 0.666662, 0.000000), (0.666662, -0.333333, 0.666671, 0.000000), (0.666671, 0.666662, -0.333333, 0.000000), (0.000000, 0.000000, 0.000000, 1.000000))
Post MatrizActual: mat4x4((-0.166667, 0.333335, 0.333331, 0.000000), (0.166666, -0.083333, 0.166668, 0.000000), (0.333335, 0.333331, -0.166667, 0.000000), (0.000000, 0.000000, 0.000000, 1.000000))
Se dibuja nodo: 15
Pre MatrizActual: mat4x4((-0.166667, 0.333335, 0.333331, 0.000000), (0.166666, -0.083333, 0.166668, 0.000000), (0.333335, 0.333331, -0.166667, 0.000000), (0.000000, 0.000000, 0.000000, 1.000000))
Post MatrizActual: mat4x4((-0.166667, 0.333335, 0.333331, 0.000000), (0.166666, -0.083333, 0.166668, 0.000000), (0.333335, 0.333331, -0.166667, 0.000000), (-4.333324, 1.916683, -0.333359, 1.000000))
Se dibuja nodo: 16
Se dibuja nodo: 0
Se dibuja nodo: 1
Pre MatrizActual: mat4x4((1.000000, 0.000000, 0.000000, 0.000000), (0.000000, 1.000000, 0.000000, 0.000000), (0.000000, 0.000000, 1.000000, 0.000000), (0.000000, 0.000000, 0.000000, 1.000000))
Post MatrizActual: mat4x4((1.000000, 0.000000, 0.000000, 0.000000), (0.000000, 1.000000, 0.000000, 0.000000), (0.000000, 0.000000, 1.000000, 0.000000), (0.000000, 0.000000, 0.000000, 1.000000))
Se dibuja nodo: 2
Pre MatrizActual: mat4x4((1.000000, 0.000000, 0.000000, 0.000000), (0.000000, 1.000000, 0.000000, 0.000000), (0.000000, 0.000000, 1.000000, 0.000000), (0.000000, 0.000000, 0.000000, 1.000000))
Post MatrizActual: mat4x4((1.000000, 0.000000, 0.000000, 0.000000), (0.000000, 1.000000, 0.000000, 0.000000), (0.000000, 0.000000, 1.000000, 0.000000), (0.000000, 0.000000, 0.000000, 1.000000))
Se dibuja nodo: 3
Pre MatrizActual: mat4x4((1.000000, 0.000000, 0.000000, 0.000000), (0.000000, 1.000000, 0.000000, 0.000000), (0.000000, 0.000000, 1.000000, 0.000000), (0.000000, 0.000000, 0.000000, 1.000000))
Post MatrizActual: mat4x4((1.000000, 0.000000, 0.000000, 0.000000), (0.000000, 1.000000, 0.000000, 0.000000), (0.000000, 0.000000, 1.000000, 0.000000), (0.000000, 4.500000, 15.000000, 1.000000))
Se dibuja nodo: 4
Se dibuja nodo: 5
Pre MatrizActual: mat4x4((1.000000, 0.000000, 0.000000, 0.000000), (0.000000, 1.000000, 0.000000, 0.000000), (0.000000, 0.000000, 1.000000, 0.000000), (0.000000, 0.000000, 0.000000, 1.000000))
Post MatrizActual: mat4x4((1.000000, 0.000000, 0.000000, 0.000000), (0.000000, 1.000000, 0.000000, 0.000000), (0.000000, 0.000000, 1.000000, 0.000000), (0.000000, 0.000000, 0.000000, 1.000000))
Se dibuja nodo: 6
Pre MatrizActual: mat4x4((1.000000, 0.000000, 0.000000, 0.000000), (0.000000, 1.000000, 0.000000, 0.000000), (0.000000, 0.000000, 1.000000, 0.000000), (0.000000, 0.000000, 0.000000, 1.000000))
Post MatrizActual: mat4x4((1.000000, 0.000000, 0.000000, 0.000000), (0.000000, 1.000000, 0.000000, 0.000000), (0.000000, 0.000000, 1.000000, 0.000000), (0.000000, 0.000000, 0.000000, 1.000000))
Se dibuja nodo: 7
Pre MatrizActual: mat4x4((1.000000, 0.000000, 0.000000, 0.000000), (0.000000, 1.000000, 0.000000, 0.000000), (0.000000, 0.000000, 1.000000, 0.000000), (0.000000, 0.000000, 0.000000, 1.000000))
Post MatrizActual: mat4x4((1.000000, 0.000000, 0.000000, 0.000000), (0.000000, 1.000000, 0.000000, 0.000000), (0.000000, 0.000000, 1.000000, 0.000000), (0.000000, 2.000000, -50.000000, 1.000000))
Se dibuja nodo: 8
Se dibuja nodo: 9
Pre MatrizActual: mat4x4((1.000000, 0.000000, 0.000000, 0.000000), (0.000000, 1.000000, 0.000000, 0.000000), (0.000000, 0.000000, 1.000000, 0.000000), (0.000000, 0.000000, 0.000000, 1.000000))
Post MatrizActual: mat4x4((1.000000, 0.000000, 0.000000, 0.000000), (0.000000, 1.000000, 0.000000, 0.000000), (0.000000, 0.000000, 1.000000, 0.000000), (0.000000, 0.000000, 0.000000, 1.000000))
Se dibuja nodo: 10
Pre MatrizActual: mat4x4((1.000000, 0.000000, 0.000000, 0.000000), (0.000000, 1.000000, 0.000000, 0.000000), (0.000000, 0.000000, 1.000000, 0.000000), (0.000000, 0.000000, 0.000000, 1.000000))
Post MatrizActual: mat4x4((1.000000, 0.000000, 0.000000, 0.000000), (0.000000, 1.000000, 0.000000, 0.000000), (0.000000, 0.000000, 1.000000, 0.000000), (0.000000, 0.000000, 0.000000, 1.000000))
Se dibuja nodo: 11
Pre MatrizActual: mat4x4((1.000000, 0.000000, 0.000000, 0.000000), (0.000000, 1.000000, 0.000000, 0.000000), (0.000000, 0.000000, 1.000000, 0.000000), (0.000000, 0.000000, 0.000000, 1.000000))
Post MatrizActual: mat4x4((1.000000, 0.000000, 0.000000, 0.000000), (0.000000, 1.000000, 0.000000, 0.000000), (0.000000, 0.000000, 1.000000, 0.000000), (0.000000, 52.000000, 0.000000, 1.000000))
Se dibuja nodo: 12
Se dibuja nodo: 13
