Vendor: NVIDIA Corporation
Renderer: GeForce GTX 780 Ti/PCIe/SSE2
OpenGL Version: 4.5.0 NVIDIA 376.53
GLSL: 4.50 NVIDIA

MatrizRotacion: mat4x4((1.000000, 0.000000, 0.000000, 0.000000), (0.000000, 1.000000, 0.000000, 0.000000), (0.000000, 0.000000, 1.000000, 0.000000), (0.000000, 0.000000, 0.000000, 1.000000))
MatrizRotacion: mat4x4((1.000000, 0.000000, 0.000000, 0.000000), (0.000000, 1.000000, 0.000000, 0.000000), (0.000000, 0.000000, 1.000000, 0.000000), (0.000000, 0.000000, 0.000000, 1.000000))
MatrizRotacion: mat4x4((1.000000, 0.000000, 0.000000, 0.000000), (0.000000, 1.000000, 0.000000, 0.000000), (0.000000, 0.000000, 1.000000, 0.000000), (0.000000, 0.000000, 0.000000, 1.000000))
MatrizRotacion: mat4x4((1.000000, 0.000000, 0.000000, 0.000000), (0.000000, 1.000000, 0.000000, 0.000000), (0.000000, 0.000000, 1.000000, 0.000000), (0.000000, 0.000000, 0.000000, 1.000000))
MatrizRotacion: mat4x4((1.000000, 0.000000, 0.000000, 0.000000), (0.000000, 1.000000, 0.000000, 0.000000), (0.000000, 0.000000, 1.000000, 0.000000), (0.000000, 0.000000, 0.000000, 1.000000))
MatrizRotacion: mat4x4((1.000000, 0.000000, 0.000000, 0.000000), (0.000000, 1.000000, 0.000000, 0.000000), (0.000000, 0.000000, 1.000000, 0.000000), (0.000000, 0.000000, 0.000000, 1.000000))
MatrizRotacion: mat4x4((1.000000, 0.000000, 0.000000, 0.000000), (0.000000, 1.000000, 0.000000, 0.000000), (0.000000, 0.000000, 1.000000, 0.000000), (0.000000, 0.000000, 0.000000, 1.000000))
MatrizRotacion: mat4x4((1.000000, 0.000000, 0.000000, 0.000000), (0.000000, -0.110387, -0.993889, 0.000000), (0.000000, 0.993889, -0.110387, 0.000000), (0.000000, 0.000000, 0.000000, 1.000000))
MatrizRotacion: mat4x4((1.000000, 0.000000, 0.000000, 0.000000), (0.000000, 1.000000, 0.000000, 0.000000), (0.000000, 0.000000, 1.000000, 0.000000), (0.000000, 0.000000, 0.000000, 1.000000))
MatrizRotacion: mat4x4((1.000000, 0.000000, 0.000000, 0.000000), (0.000000, 1.000000, 0.000000, 0.000000), (0.000000, 0.000000, 1.000000, 0.000000), (0.000000, 0.000000, 0.000000, 1.000000))
MatrizRotacion: mat4x4((1.000000, 0.000000, 0.000000, 0.000000), (0.000000, 1.000000, 0.000000, 0.000000), (0.000000, 0.000000, 1.000000, 0.000000), (0.000000, 0.000000, 0.000000, 1.000000))
Recurso nombre: nanosuit.obj
MatrizRotacion: mat4x4((1.000000, 0.000000, 0.000000, 0.000000), (0.000000, 1.000000, 0.000000, 0.000000), (0.000000, 0.000000, 1.000000, 0.000000), (0.000000, 0.000000, 0.000000, 1.000000))
MatrizRotacion: mat4x4((1.000000, 0.000000, 0.000000, 0.000000), (0.000000, 1.000000, 0.000000, 0.000000), (0.000000, 0.000000, 1.000000, 0.000000), (0.000000, 0.000000, 0.000000, 1.000000))
MatrizRotacion: mat4x4((1.000000, 0.000000, 0.000000, 0.000000), (0.000000, 1.000000, 0.000000, 0.000000), (0.000000, 0.000000, 1.000000, 0.000000), (0.000000, 0.000000, 0.000000, 1.000000))
Recurso nombre: untitled.obj
MatrizRotacion: mat4x4((1.000000, 0.000000, 0.000000, 0.000000), (0.000000, 1.000000, 0.000000, 0.000000), (0.000000, 0.000000, 1.000000, 0.000000), (0.000000, 0.000000, 0.000000, 1.000000))
MatrizRotacion: mat4x4((1.000000, 0.000000, 0.000000, 0.000000), (0.000000, 1.000000, 0.000000, 0.000000), (0.000000, 0.000000, 1.000000, 0.000000), (0.000000, 0.000000, 0.000000, 1.000000))
MatrizRotacion: mat4x4((1.000000, 0.000000, 0.000000, 0.000000), (0.000000, 1.000000, 0.000000, 0.000000), (0.000000, 0.000000, 1.000000, 0.000000), (0.000000, 0.000000, 0.000000, 1.000000))
MatrizRotacion: mat4x4((1.000000, 0.000000, 0.000000, 0.000000), (0.000000, 1.000000, 0.000000, 0.000000), (0.000000, 0.000000, 1.000000, 0.000000), (0.000000, 0.000000, 0.000000, 1.000000))
MatrizRotacion: mat4x4((1.000000, 0.000000, 0.000000, 0.000000), (0.000000, 1.000000, 0.000000, 0.000000), (0.000000, 0.000000, 1.000000, 0.000000), (0.000000, 0.000000, 0.000000, 1.000000))
MatrizRotacion: mat4x4((1.000000, 0.000000, 0.000000, 0.000000), (0.000000, 1.000000, 0.000000, 0.000000), (0.000000, 0.000000, 1.000000, 0.000000), (0.000000, 0.000000, 0.000000, 1.000000))
MatrizRotacion: mat4x4((1.000000, 0.000000, 0.000000, 0.000000), (0.000000, 1.000000, 0.000000, 0.000000), (0.000000, 0.000000, 1.000000, 0.000000), (0.000000, 0.000000, 0.000000, 1.000000))
MatrizRotacion: mat4x4((1.000000, 0.000000, 0.000000, 0.000000), (0.000000, 1.000000, 0.000000, 0.000000), (0.000000, 0.000000, 1.000000, 0.000000), (0.000000, 0.000000, 0.000000, 1.000000))
MatrizRotacion: mat4x4((1.000000, 0.000000, 0.000000, 0.000000), (0.000000, 1.000000, 0.000000, 0.000000), (0.000000, 0.000000, 1.000000, 0.000000), (0.000000, 0.000000, 0.000000, 1.000000))
MatrizRotacion: mat4x4((1.000000, 0.000000, 0.000000, 0.000000), (0.000000, 1.000000, 0.000000, 0.000000), (0.000000, 0.000000, 1.000000, 0.000000), (0.000000, 0.000000, 0.000000, 1.000000))
MatrizRotacion: mat4x4((1.000000, 0.000000, 0.000000, 0.000000), (0.000000, 1.000000, 0.000000, 0.000000), (0.000000, 0.000000, 1.000000, 0.000000), (0.000000, 0.000000, 0.000000, 1.000000))
MatrizRotacion: mat4x4((1.000000, 0.000000, 0.000000, 0.000000), (0.000000, 1.000000, 0.000000, 0.000000), (0.000000, 0.000000, 1.000000, 0.000000), (0.000000, 0.000000, 0.000000, 1.000000))
MatrizRotacion: mat4x4((1.000000, 0.000000, 0.000000, 0.000000), (0.000000, 1.000000, 0.000000, 0.000000), (0.000000, 0.000000, 1.000000, 0.000000), (0.000000, 0.000000, 0.000000, 1.000000))
MatrizRotacion: mat4x4((1.000000, 0.000000, 0.000000, 0.000000), (0.000000, 1.000000, 0.000000, 0.000000), (0.000000, 0.000000, 1.000000, 0.000000), (0.000000, 0.000000, 0.000000, 1.000000))
MatrizRotacion: mat4x4((1.000000, 0.000000, 0.000000, 0.000000), (0.000000, 1.000000, 0.000000, 0.000000), (0.000000, 0.000000, 1.000000, 0.000000), (0.000000, 0.000000, 0.000000, 1.000000))
MatrizRotacion: mat4x4((1.000000, 0.000000, 0.000000, 0.000000), (0.000000, 1.000000, 0.000000, 0.000000), (0.000000, 0.000000, 1.000000, 0.000000), (0.000000, 0.000000, 0.000000, 1.000000))
MatrizRotacion: mat4x4((1.000000, 0.000000, 0.000000, 0.000000), (0.000000, 1.000000, 0.000000, 0.000000), (0.000000, 0.000000, 1.000000, 0.000000), (0.000000, 0.000000, 0.000000, 1.000000))
MatrizRotacion: mat4x4((1.000000, 0.000000, 0.000000, 0.000000), (0.000000, 1.000000, 0.000000, 0.000000), (0.000000, 0.000000, 1.000000, 0.000000), (0.000000, 0.000000, 0.000000, 1.000000))
MatrizRotacion: mat4x4((1.000000, 0.000000, 0.000000, 0.000000), (0.000000, 1.000000, 0.000000, 0.000000), (0.000000, 0.000000, 1.000000, 0.000000), (0.000000, 0.000000, 0.000000, 1.000000))
MatrizRotacion: mat4x4((1.000000, 0.000000, 0.000000, 0.000000), (0.000000, 1.000000, 0.000000, 0.000000), (0.000000, 0.000000, 1.000000, 0.000000), (0.000000, 0.000000, 0.000000, 1.000000))
MatrizRotacion: mat4x4((1.000000, 0.000000, 0.000000, 0.000000), (0.000000, 1.000000, 0.000000, 0.000000), (0.000000, 0.000000, 1.000000, 0.000000), (0.000000, 0.000000, 0.000000, 1.000000))
MatrizRotacion: mat4x4((1.000000, 0.000000, 0.000000, 0.000000), (0.000000, 1.000000, 0.000000, 0.000000), (0.000000, 0.000000, 1.000000, 0.000000), (0.000000, 0.000000, 0.000000, 1.000000))
MatrizRotacion: mat4x4((1.000000, 0.000000, 0.000000, 0.000000), (0.000000, 1.000000, 0.000000, 0.000000), (0.000000, 0.000000, 1.000000, 0.000000), (0.000000, 0.000000, 0.000000, 1.000000))
MatrizRotacion: mat4x4((1.000000, 0.000000, 0.000000, 0.000000), (0.000000, 1.000000, 0.000000, 0.000000), (0.000000, 0.000000, 1.000000, 0.000000), (0.000000, 0.000000, 0.000000, 1.000000))
-------------------------------------->0
640 800 360 600 14.0434
MatrizRotacion: mat4x4((0.093667, 0.000000, -0.995604, 0.000000), (0.000000, 1.000000, 0.000000, 0.000000), (0.995604, 0.000000, 0.093667, 0.000000), (0.000000, 0.000000, 0.000000, 1.000000))
TIME: 0.0169128
TIME: 0.016682
TIME: 0.0168894
TIME: 0.0166102
TIME: 0.0169744

POS ANTES: 
X: 0
Y: 0
Z: 0


POS DESPUES: 
X: -0.84872
Y: 0
Z: 0

TIME: 0.0166125

POS ANTES: 
X: -0.84872
Y: 0
Z: 0


POS DESPUES: 
X: -1.67935
Y: 0
Z: 0

TIME: 0.0164413

POS ANTES: 
X: -1.67935
Y: 0
Z: 0


POS DESPUES: 
X: -2.50141
Y: 0
Z: 0

TIME: 0.0165486

POS ANTES: 
X: -2.50141
Y: 0
Z: 0


POS DESPUES: 
X: -3.32884
Y: 0
Z: 0

TIME: 0.0163026

POS ANTES: 
X: -3.32884
Y: 0
Z: 0


POS DESPUES: 
X: -4.14397
Y: 0
Z: 0

TIME: 0.0165032

POS ANTES: 
X: -4.14397
Y: 0
Z: 0


POS DESPUES: 
X: -4.96913
Y: 0
Z: 0

TIME: 0.0166175

POS ANTES: 
X: -4.96913
Y: 0
Z: 0


POS DESPUES: 
X: -5.8
Y: 0
Z: 0

TIME: 0.0161081

POS ANTES: 
X: -5.8
Y: 0
Z: 0


POS DESPUES: 
X: -6.60541
Y: 0
Z: 0

TIME: 0.0164073

POS ANTES: 
X: -6.60541
Y: 0
Z: 0


POS DESPUES: 
X: -7.42577
Y: 0
Z: 0

TIME: 0.0162955

POS ANTES: 
X: -7.42577
Y: 0
Z: 0


POS DESPUES: 
X: -8.24055
Y: 0
Z: 0

TIME: 0.0159592

POS ANTES: 
X: -8.24055
Y: 0
Z: 0


POS DESPUES: 
X: -9.03851
Y: 0
Z: 0

TIME: 0.0164724

POS ANTES: 
X: -9.03851
Y: 0
Z: 0


POS DESPUES: 
X: -9.86213
Y: 0
Z: 0

TIME: 0.0164454

POS ANTES: 
X: -9.86213
Y: 0
Z: 0


POS DESPUES: 
X: -10.6844
Y: 0
Z: 0

TIME: 0.0158932

POS ANTES: 
X: -10.6844
Y: 0
Z: 0


POS DESPUES: 
X: -11.4791
Y: 0
Z: 0

TIME: 0.0163677

POS ANTES: 
X: -11.4791
Y: 0
Z: 0


POS DESPUES: 
X: -12.2974
Y: 0
Z: 0

TIME: 0.0162395

POS ANTES: 
X: -12.2974
Y: 0
Z: 0


POS DESPUES: 
X: -13.1094
Y: 0
Z: 0

TIME: 0.0170577

POS ANTES: 
X: -13.1094
Y: 0
Z: 0


POS DESPUES: 
X: -13.9623
Y: 0
Z: 0

TIME: 0.0160348

POS ANTES: 
X: -13.9623
Y: 0
Z: 0


POS DESPUES: 
X: -14.764
Y: 0
Z: 0

TIME: 0.0164295

POS ANTES: 
X: -14.764
Y: 0
Z: 0


POS DESPUES: 
X: -15.5855
Y: 0
Z: 0

TIME: 0.0164483

POS ANTES: 
X: -15.5855
Y: 0
Z: 0


POS DESPUES: 
X: -16.4079
Y: 0
Z: 0

TIME: 0.0166049

POS ANTES: 
X: -16.4079
Y: 0
Z: 0


POS DESPUES: 
X: -17.2382
Y: 0
Z: 0

TIME: 0.01638

POS ANTES: 
X: -17.2382
Y: 0
Z: 0


POS DESPUES: 
X: -18.0572
Y: 0
Z: 0

TIME: 0.0162495

POS ANTES: 
X: -18.0572
Y: 0
Z: 0


POS DESPUES: 
X: -18.8697
Y: 0
Z: 0

TIME: 0.0163908

POS ANTES: 
X: -18.8697
Y: 0
Z: 0


POS DESPUES: 
X: -19.6892
Y: 0
Z: 0

TIME: 0.0160829

POS ANTES: 
X: -19.6892
Y: 0
Z: 0


POS DESPUES: 
X: -20.4933
Y: 0
Z: 0

TIME: 0.0161152

POS ANTES: 
X: -20.4933
Y: 0
Z: 0


POS DESPUES: 
X: -21.2991
Y: 0
Z: 0

TIME: 0.0162926

POS ANTES: 
X: -21.2991
Y: 0
Z: 0


POS DESPUES: 
X: -22.1137
Y: 0
Z: 0

TIME: 0.0160732

POS ANTES: 
X: -22.1137
Y: 0
Z: 0


POS DESPUES: 
X: -22.9174
Y: 0
Z: 0

TIME: 0.0163466

POS ANTES: 
X: -22.9174
Y: 0
Z: 0


POS DESPUES: 
X: -23.7347
Y: 0
Z: 0

TIME: 0.0161826

POS ANTES: 
X: -23.7347
Y: 0
Z: 0


POS DESPUES: 
X: -24.5439
Y: 0
Z: 0

TIME: 0.0165688
TIME: 0.0168814

POS ANTES: 
X: -24.5439
Y: 0
Z: 0


POS DESPUES: 
X: -23.6998
Y: 0
Z: 0

TIME: 0.0164729

POS ANTES: 
X: -23.6998
Y: 0
Z: 0


POS DESPUES: 
X: -22.8761
Y: 0
Z: 0

TIME: 0.0161592

POS ANTES: 
X: -22.8761
Y: 0
Z: 0


POS DESPUES: 
X: -22.0682
Y: 0
Z: 0

TIME: 0.0159457

POS ANTES: 
X: -22.0682
Y: 0
Z: 0


POS DESPUES: 
X: -21.2709
Y: 0
Z: 0

TIME: 0.0163392

POS ANTES: 
X: -21.2709
Y: 0
Z: 0


POS DESPUES: 
X: -20.4539
Y: 0
Z: 0

TIME: 0.0164501

POS ANTES: 
X: -20.4539
Y: 0
Z: 0


POS DESPUES: 
X: -19.6314
Y: 0
Z: 0

TIME: 0.0161234

POS ANTES: 
X: -19.6314
Y: 0
Z: 0


POS DESPUES: 
X: -18.8253
Y: 0
Z: 0

TIME: 0.0162366

POS ANTES: 
X: -18.8253
Y: 0
Z: 0


POS DESPUES: 
X: -18.0134
Y: 0
Z: 0

TIME: 0.0163812

POS ANTES: 
X: -18.0134
Y: 0
Z: 0


POS DESPUES: 
X: -17.1944
Y: 0
Z: 0

TIME: 0.0166647

POS ANTES: 
X: -17.1944
Y: 0
Z: 0


POS DESPUES: 
X: -16.3611
Y: 0
Z: 0

TIME: 0.0163413

POS ANTES: 
X: -16.3611
Y: 0
Z: 0


POS DESPUES: 
X: -15.5441
Y: 0
Z: 0

TIME: 0.0164888

POS ANTES: 
X: -15.5441
Y: 0
Z: 0


POS DESPUES: 
X: -14.7196
Y: 0
Z: 0

TIME: 0.0164052

POS ANTES: 
X: -14.7196
Y: 0
Z: 0


POS DESPUES: 
X: -13.8994
Y: 0
Z: 0

TIME: 0.0159577

POS ANTES: 
X: -13.8994
Y: 0
Z: 0


POS DESPUES: 
X: -13.1015
Y: 0
Z: 0

TIME: 0.0162791

POS ANTES: 
X: -13.1015
Y: 0
Z: 0


POS DESPUES: 
X: -12.2875
Y: 0
Z: 0

TIME: 0.0164386

POS ANTES: 
X: -12.2875
Y: 0
Z: 0


POS DESPUES: 
X: -11.4656
Y: 0
Z: 0

TIME: 0.0160196

POS ANTES: 
X: -11.4656
Y: 0
Z: 0


POS DESPUES: 
X: -10.6646
Y: 0
Z: 0

TIME: 0.0163527

POS ANTES: 
X: -10.6646
Y: 0
Z: 0


POS DESPUES: 
X: -9.84698
Y: 0
Z: 0

TIME: 0.0163272

POS ANTES: 
X: -9.84698
Y: 0
Z: 0


POS DESPUES: 
X: -9.03062
Y: 0
Z: 0

TIME: 0.017065

POS ANTES: 
X: -9.03062
Y: 0
Z: 0


POS DESPUES: 
X: -8.17737
Y: 0
Z: 0

TIME: 0.0166202

POS ANTES: 
X: -8.17737
Y: 0
Z: 0


POS DESPUES: 
X: -7.34636
Y: 0
Z: 0

TIME: 0.0171389

POS ANTES: 
X: -7.34636
Y: 0
Z: 0


POS DESPUES: 
X: -6.48942
Y: 0
Z: 0

TIME: 0.0162853

POS ANTES: 
X: -6.48942
Y: 0
Z: 0


POS DESPUES: 
X: -5.67515
Y: 0
Z: 0

TIME: 0.0159073

POS ANTES: 
X: -5.67515
Y: 0
Z: 0


POS DESPUES: 
X: -4.87979
Y: 0
Z: 0

TIME: 0.0164131

POS ANTES: 
X: -4.87979
Y: 0
Z: 0


POS DESPUES: 
X: -4.05913
Y: 0
Z: 0

TIME: 0.0162917

POS ANTES: 
X: -4.05913
Y: 0
Z: 0


POS DESPUES: 
X: -3.24455
Y: 0
Z: 0

TIME: 0.0160008

POS ANTES: 
X: -3.24455
Y: 0
Z: 0


POS DESPUES: 
X: -2.44451
Y: 0
Z: 0

TIME: 0.0163169

POS ANTES: 
X: -2.44451
Y: 0
Z: 0


POS DESPUES: 
X: -1.62866
Y: 0
Z: 0

TIME: 0.0162932

POS ANTES: 
X: -1.62866
Y: 0
Z: 0


POS DESPUES: 
X: -0.814002
Y: 0
Z: 0

TIME: 0.0164633

POS ANTES: 
X: -0.814002
Y: 0
Z: 0


POS DESPUES: 
X: 0.00916179
Y: 0
Z: 0

TIME: 0.0162715

POS ANTES: 
X: 0.00916179
Y: 0
Z: 0


POS DESPUES: 
X: 0.822736
Y: 0
Z: 0

TIME: 0.0165102

POS ANTES: 
X: 0.822736
Y: 0
Z: 0


POS DESPUES: 
X: 1.64825
Y: 0
Z: 0

TIME: 0.0160891

POS ANTES: 
X: 1.64825
Y: 0
Z: 0


POS DESPUES: 
X: 2.4527
Y: 0
Z: 0

TIME: 0.0160199

POS ANTES: 
X: 2.4527
Y: 0
Z: 0


POS DESPUES: 
X: 3.25369
Y: 0
Z: 0

TIME: 0.0162856

POS ANTES: 
X: 3.25369
Y: 0
Z: 0


POS DESPUES: 
X: 4.06797
Y: 0
Z: 0

TIME: 0.0162812

POS ANTES: 
X: 4.06797
Y: 0
Z: 0


POS DESPUES: 
X: 4.88203
Y: 0
Z: 0

TIME: 0.0168087

POS ANTES: 
X: 4.88203
Y: 0
Z: 0


POS DESPUES: 
X: 5.72247
Y: 0
Z: 0

TIME: 0.0163392

POS ANTES: 
X: 5.72247
Y: 0
Z: 0


POS DESPUES: 
X: 6.53943
Y: 0
Z: 0

TIME: 0.0161668

POS ANTES: 
X: 6.53943
Y: 0
Z: 0


POS DESPUES: 
X: 7.34777
Y: 0
Z: 0

TIME: 0.0171245
TIME: 0.0166709
TIME: 0.0164926
TIME: 0.0166272

POS ANTES: 
X: 7.34777
Y: 0
Z: 0


POS DESPUES: 
X: 8.17913
Y: 0
Z: 0

641 800 358 600 13.5386
MatrizRotacion: mat4x4((-0.769708, 0.000000, -0.638396, 0.000000), (0.000000, 1.000000, 0.000000, 0.000000), (0.638396, 0.000000, -0.769708, 0.000000), (0.000000, 0.000000, 0.000000, 1.000000))
TIME: 0.0168175

POS ANTES: 
X: 8.17913
Y: 0
Z: 0


POS DESPUES: 
X: 7.33825
Y: 0
Z: 0


POS ANTES: 
X: 7.33825
Y: 0
Z: 0


POS DESPUES: 
X: 8.17913
Y: 0
Z: 0

TIME: 0.0170688

POS ANTES: 
X: 8.17913
Y: 0
Z: 0


POS DESPUES: 
X: 7.32569
Y: 0
Z: 0

633 800 352 600 12.5873
MatrizRotacion: mat4x4((-0.782870, 0.000000, -0.622185, 0.000000), (0.000000, 1.000000, 0.000000, 0.000000), (0.622185, 0.000000, -0.782870, 0.000000), (0.000000, 0.000000, 0.000000, 1.000000))
606 800 322 600 6.09895
MatrizRotacion: mat4x4((-0.655643, 0.000000, -0.755071, 0.000000), (0.000000, 1.000000, 0.000000, 0.000000), (0.755071, 0.000000, -0.655643, 0.000000), (0.000000, 0.000000, 0.000000, 1.000000))
581 800 293 600 2.21588
MatrizRotacion: mat4x4((-0.209125, 0.000000, 0.977889, 0.000000), (0.000000, 1.000000, 0.000000, 0.000000), (-0.977889, 0.000000, -0.209125, 0.000000), (0.000000, 0.000000, 0.000000, 1.000000))
579 800 291 600 2.87983
MatrizRotacion: mat4x4((0.455064, 0.000000, -0.890459, 0.000000), (0.000000, 1.000000, 0.000000, 0.000000), (0.890459, 0.000000, 0.455064, 0.000000), (0.000000, 0.000000, 0.000000, 1.000000))
563 800 271 600 10.0933
MatrizRotacion: mat4x4((0.194811, 0.000000, 0.980841, 0.000000), (0.000000, 1.000000, 0.000000, 0.000000), (-0.980841, 0.000000, 0.194811, 0.000000), (0.000000, 0.000000, 0.000000, 1.000000))
559 800 266 600 12.0763
MatrizRotacion: mat4x4((-0.289820, 0.000000, 0.957081, 0.000000), (0.000000, 1.000000, 0.000000, 0.000000), (-0.957081, 0.000000, -0.289820, 0.000000), (0.000000, 0.000000, 0.000000, 1.000000))
TIME: 0.0166272

POS ANTES: 
X: 7.32569
Y: 0
Z: 0


POS DESPUES: 
X: 6.49433
Y: 0
Z: 0

TIME: 0.0164222

POS ANTES: 
X: 6.49433
Y: 0
Z: 0


POS DESPUES: 
X: 5.67321
Y: 0
Z: 0

TIME: 0.0165574

POS ANTES: 
X: 5.67321
Y: 0
Z: 0


POS DESPUES: 
X: 4.84535
Y: 0
Z: 0

TIME: 0.0164125

POS ANTES: 
X: 4.84535
Y: 0
Z: 0


POS DESPUES: 
X: 4.02472
Y: 0
Z: 0

TIME: 0.0160759

POS ANTES: 
X: 4.02472
Y: 0
Z: 0


POS DESPUES: 
X: 3.22092
Y: 0
Z: 0

TIME: 0.0163249

POS ANTES: 
X: 3.22092
Y: 0
Z: 0


POS DESPUES: 
X: 2.40468
Y: 0
Z: 0

TIME: 0.0160712

POS ANTES: 
X: 2.40468
Y: 0
Z: 0


POS DESPUES: 
X: 1.60112
Y: 0
Z: 0

TIME: 0.0162647

POS ANTES: 
X: 1.60112
Y: 0
Z: 0


POS DESPUES: 
X: 0.787884
Y: 0
Z: 0

TIME: 0.0162949

POS ANTES: 
X: 0.787884
Y: 0
Z: 0


POS DESPUES: 
X: -0.0268628
Y: 0
Z: 0

TIME: 0.0167794

POS ANTES: 
X: -0.0268628
Y: 0
Z: 0


POS DESPUES: 
X: -0.865832
Y: 0
Z: 0

TIME: 0.0162941

POS ANTES: 
X: -0.865832
Y: 0
Z: 0


POS DESPUES: 
X: -1.68054
Y: 0
Z: 0

TIME: 0.0162404

POS ANTES: 
X: -1.68054
Y: 0
Z: 0


POS DESPUES: 
X: -2.49256
Y: 0
Z: 0

TIME: 0.0168504

POS ANTES: 
X: -2.49256
Y: 0
Z: 0


POS DESPUES: 
X: -2.49256
Y: 0
Z: 0.842518


POS ANTES: 
X: -2.49256
Y: 0
Z: 0.842518


POS DESPUES: 
X: -3.33507
Y: 0
Z: 0.842518

TIME: 0.0167518

POS ANTES: 
X: -3.33507
Y: 0
Z: 0.842518


POS DESPUES: 
X: -3.33507
Y: 0
Z: 1.68011

TIME: 0.0171483
TIME: 0.0162914

POS ANTES: 
X: -3.33507
Y: 0
Z: 1.68011


POS DESPUES: 
X: -3.33507
Y: 0
Z: -0.865538

TIME: 0.0166656

POS ANTES: 
X: -3.33507
Y: 0
Z: -0.865538


POS DESPUES: 
X: -3.33507
Y: 0
Z: 1.69882

TIME: 0.0166034

POS ANTES: 
X: -3.33507
Y: 0
Z: 1.69882


POS DESPUES: 
X: -3.33507
Y: 0
Z: -0.868646

TIME: 0.0171902

POS ANTES: 
X: -3.33507
Y: 0
Z: -0.868646


POS DESPUES: 
X: -3.33507
Y: 0
Z: 1.72816

TIME: 0.0161671

POS ANTES: 
X: -3.33507
Y: 0
Z: 1.72816


POS DESPUES: 
X: -3.33507
Y: 0
Z: -0.919804

TIME: 0.0162856

POS ANTES: 
X: -3.33507
Y: 0
Z: -0.919804


POS DESPUES: 
X: -3.33507
Y: 0
Z: 1.73408

TIME: 0.015946

POS ANTES: 
X: -3.33507
Y: 0
Z: 1.73408


POS DESPUES: 
X: -3.33507
Y: 0
Z: -0.936783

TIME: 0.0159562

POS ANTES: 
X: -3.33507
Y: 0
Z: -0.936783


POS DESPUES: 
X: -3.33507
Y: 0
Z: 1.73459

TIME: 0.0161228

POS ANTES: 
X: -3.33507
Y: 0
Z: 1.73459


POS DESPUES: 
X: -3.33507
Y: 0
Z: -0.928454

TIME: 0.0164111

POS ANTES: 
X: -3.33507
Y: 0
Z: -0.928454


POS DESPUES: 
X: -3.33507
Y: 0
Z: 1.74901

TIME: 0.016426

POS ANTES: 
X: -3.33507
Y: 0
Z: 1.74901


POS DESPUES: 
X: -3.33507
Y: 0
Z: -0.927707

TIME: 0.0161331

POS ANTES: 
X: -3.33507
Y: 0
Z: -0.927707


POS DESPUES: 
X: -3.33507
Y: 0
Z: 1.73436

TIME: 0.0161325

POS ANTES: 
X: -3.33507
Y: 0
Z: 1.73436


POS DESPUES: 
X: -3.33507
Y: 0
Z: -0.927736

TIME: 0.0161448

POS ANTES: 
X: -3.33507
Y: 0
Z: -0.927736


POS DESPUES: 
X: -3.33507
Y: 0
Z: 1.73498

TIME: 0.0161914

POS ANTES: 
X: -3.33507
Y: 0
Z: 1.73498


POS DESPUES: 
X: -3.33507
Y: 0
Z: -0.925405

TIME: 0.0162099

POS ANTES: 
X: -3.33507
Y: 0
Z: -0.925405


POS DESPUES: 
X: -3.33507
Y: 0
Z: 1.7359

TIME: 0.0162099
TIME: 0.0167207

POS ANTES: 
X: -3.33507
Y: 0
Z: 1.7359


POS DESPUES: 
X: -3.33507
Y: 0
Z: 2.57194

TIME: 0.0169383

POS ANTES: 
X: -3.33507
Y: 0
Z: 2.57194


POS DESPUES: 
X: -3.33507
Y: 0
Z: 3.41885

TIME: 0.0161404

POS ANTES: 
X: -3.33507
Y: 0
Z: 3.41885


POS DESPUES: 
X: -3.33507
Y: 0
Z: 4.22587

TIME: 0.015697

POS ANTES: 
X: -3.33507
Y: 0
Z: 4.22587


POS DESPUES: 
X: -3.33507
Y: 0
Z: 5.01072

TIME: 0.0163055

POS ANTES: 
X: -3.33507
Y: 0
Z: 5.01072


POS DESPUES: 
X: -3.33507
Y: 0
Z: 5.826

TIME: 0.0159642

POS ANTES: 
X: -3.33507
Y: 0
Z: 5.826


POS DESPUES: 
X: -3.33507
Y: 0
Z: 6.62421

TIME: 0.01636

POS ANTES: 
X: -3.33507
Y: 0
Z: 6.62421


POS DESPUES: 
X: -3.33507
Y: 0
Z: 7.44221

TIME: 0.0165407

POS ANTES: 
X: -3.33507
Y: 0
Z: 7.44221


POS DESPUES: 
X: -3.33507
Y: 0
Z: 8.26924

TIME: 0.0167829

POS ANTES: 
X: -3.33507
Y: 0
Z: 8.26924


POS DESPUES: 
X: -3.33507
Y: 0
Z: 9.10839

TIME: 0.0162721

POS ANTES: 
X: -3.33507
Y: 0
Z: 9.10839


POS DESPUES: 
X: -3.33507
Y: 0
Z: 9.92199

TIME: 0.0163952

POS ANTES: 
X: -3.33507
Y: 0
Z: 9.92199


POS DESPUES: 
X: -3.33507
Y: 0
Z: 10.7418

TIME: 0.016382

POS ANTES: 
X: -3.33507
Y: 0
Z: 10.7418


POS DESPUES: 
X: -3.33507
Y: 0
Z: 11.5609

TIME: 0.0159815

POS ANTES: 
X: -3.33507
Y: 0
Z: 11.5609


POS DESPUES: 
X: -3.33507
Y: 0
Z: 12.3599

TIME: 0.0163861

POS ANTES: 
X: -3.33507
Y: 0
Z: 12.3599


POS DESPUES: 
X: -3.33507
Y: 0
Z: 13.1792

TIME: 0.0160205

POS ANTES: 
X: -3.33507
Y: 0
Z: 13.1792


POS DESPUES: 
X: -3.33507
Y: 0
Z: 13.9803

TIME: 0.0165111

POS ANTES: 
X: -3.33507
Y: 0
Z: 13.9803


POS DESPUES: 
X: -3.33507
Y: 0
Z: 14.8058

TIME: 0.0163724

POS ANTES: 
X: -3.33507
Y: 0
Z: 14.8058


POS DESPUES: 
X: -3.33507
Y: 0
Z: 15.6244

TIME: 0.0163724
558 800 260 600 14.214
MatrizRotacion: mat4x4((0.976498, 0.000000, 0.215529, 0.000000), (0.000000, 1.000000, 0.000000, 0.000000), (-0.215529, 0.000000, 0.976498, 0.000000), (0.000000, 0.000000, 0.000000, 1.000000))
558 800 258 600 14.8938
MatrizRotacion: mat4x4((-0.513637, 0.000000, -0.858008, 0.000000), (0.000000, 1.000000, 0.000000, 0.000000), (0.858008, 0.000000, -0.513637, 0.000000), (0.000000, 0.000000, 0.000000, 1.000000))
552 800 235 600 23.1648
MatrizRotacion: mat4x4((0.989893, 0.000000, -0.141819, 0.000000), (0.000000, 1.000000, 0.000000, 0.000000), (0.141819, 0.000000, 0.989893, 0.000000), (0.000000, 0.000000, 0.000000, 1.000000))
552 800 233 600 23.7994
MatrizRotacion: mat4x4((0.370734, 0.000000, 0.928739, 0.000000), (0.000000, 1.000000, 0.000000, 0.000000), (-0.928739, 0.000000, 0.370734, 0.000000), (0.000000, 0.000000, 0.000000, 1.000000))
541 800 206 600 33.7072
MatrizRotacion: mat4x4((0.453388, 0.000000, -0.891314, 0.000000), (0.000000, 1.000000, 0.000000, 0.000000), (0.891314, 0.000000, 0.453388, 0.000000), (0.000000, 0.000000, 0.000000, 1.000000))
529 800 177 600 43.6582
MatrizRotacion: mat4x4((0.713621, 0.000000, -0.700533, 0.000000), (0.000000, 1.000000, 0.000000, 0.000000), (0.700533, 0.000000, 0.713621, 0.000000), (0.000000, 0.000000, 0.000000, 1.000000))
523 800 165 600 47.6872
MatrizRotacion: mat4x4((-0.229308, 0.000000, 0.973354, 0.000000), (0.000000, 1.000000, 0.000000, 0.000000), (-0.973354, 0.000000, -0.229308, 0.000000), (0.000000, 0.000000, 0.000000, 1.000000))
TIME: 0.0165134

POS ANTES: 
X: -3.33507
Y: 0
Z: 15.6244


POS DESPUES: 
X: -3.33507
Y: 0
Z: -14.7988

515 800 147 600 53.0971
MatrizRotacion: mat4x4((0.515245, 0.000000, -0.857043, 0.000000), (0.000000, 1.000000, 0.000000, 0.000000), (0.857043, 0.000000, 0.515245, 0.000000), (0.000000, 0.000000, 0.000000, 1.000000))
506 800 121 600 59.397
MatrizRotacion: mat4x4((-0.741000, 0.000000, 0.671506, 0.000000), (0.000000, 1.000000, 0.000000, 0.000000), (-0.671506, 0.000000, -0.741000, 0.000000), (0.000000, 0.000000, 0.000000, 1.000000))
496 800 86 600 65.8725
MatrizRotacion: mat4x4((0.804913, 0.000000, -0.593393, 0.000000), (0.000000, 1.000000, 0.000000, 0.000000), (0.593393, 0.000000, 0.804913, 0.000000), (0.000000, 0.000000, 0.000000, 1.000000))
486 800 42 600 71.6013
MatrizRotacion: mat4x4((-0.999800, 0.000000, -0.020013, 0.000000), (0.000000, 1.000000, 0.000000, 0.000000), (0.020013, 0.000000, -0.999800, 0.000000), (0.000000, 0.000000, 0.000000, 1.000000))
478 800 10 600 74.9837
MatrizRotacion: mat4x4((-0.907063, 0.000000, -0.420996, 0.000000), (0.000000, 1.000000, 0.000000, 0.000000), (0.420996, 0.000000, -0.907063, 0.000000), (0.000000, 0.000000, 0.000000, 1.000000))
472 800 -8 600 76.8814
MatrizRotacion: mat4x4((-0.498728, 0.000000, 0.866759, 0.000000), (0.000000, 1.000000, 0.000000, 0.000000), (-0.866759, 0.000000, -0.498728, 0.000000), (0.000000, 0.000000, 0.000000, 1.000000))
471 800 -17 600 77.4148
MatrizRotacion: mat4x4((0.997086, 0.000000, 0.076289, 0.000000), (0.000000, 1.000000, 0.000000, 0.000000), (-0.076289, 0.000000, 0.997086, 0.000000), (0.000000, 0.000000, 0.000000, 1.000000))
470 800 -26 600 77.9207
MatrizRotacion: mat4x4((-0.767771, 0.000000, -0.640725, 0.000000), (0.000000, 1.000000, 0.000000, 0.000000), (0.640725, 0.000000, -0.767771, 0.000000), (0.000000, 0.000000, 0.000000, 1.000000))
470 800 -41 600 78.4393
MatrizRotacion: mat4x4((0.699617, 0.000000, 0.714518, 0.000000), (0.000000, 1.000000, 0.000000, 0.000000), (-0.714518, 0.000000, 0.699617, 0.000000), (0.000000, 0.000000, 0.000000, 1.000000))
469 800 -56 600 79.071
MatrizRotacion: mat4x4((-0.965160, 0.000000, -0.261662, 0.000000), (0.000000, 1.000000, 0.000000, 0.000000), (0.261662, 0.000000, -0.965160, 0.000000), (0.000000, 0.000000, 0.000000, 1.000000))
468 800 -64 600 79.4586
MatrizRotacion: mat4x4((0.793603, 0.000000, -0.608436, 0.000000), (0.000000, 1.000000, 0.000000, 0.000000), (0.608436, 0.000000, 0.793603, 0.000000), (0.000000, 0.000000, 0.000000, 1.000000))
468 800 -65 600 79.487
MatrizRotacion: mat4x4((0.030470, 0.000000, 0.999536, 0.000000), (0.000000, 1.000000, 0.000000, 0.000000), (-0.999536, 0.000000, 0.030470, 0.000000), (0.000000, 0.000000, 0.000000, 1.000000))
470 800 -66 600 79.2127
MatrizRotacion: mat4x4((-0.646789, 0.000000, -0.762670, 0.000000), (0.000000, 1.000000, 0.000000, 0.000000), (0.762670, 0.000000, -0.646789, 0.000000), (0.000000, 0.000000, 0.000000, 1.000000))
481 800 -68 600 77.626
MatrizRotacion: mat4x4((-0.208908, 0.000000, 0.977936, 0.000000), (0.000000, 1.000000, 0.000000, 0.000000), (-0.977936, 0.000000, -0.208908, 0.000000), (0.000000, 0.000000, 0.000000, 1.000000))
493 800 -72 600 76.0023
MatrizRotacion: mat4x4((0.383522, 0.000000, 0.923532, 0.000000), (0.000000, 1.000000, 0.000000, 0.000000), (-0.923532, 0.000000, 0.383522, 0.000000), (0.000000, 0.000000, 0.000000, 1.000000))
532 800 -85 600 71.1114
MatrizRotacion: mat4x4((0.682818, 0.000000, -0.730589, 0.000000), (0.000000, 1.000000, 0.000000, 0.000000), (0.730589, 0.000000, 0.682818, 0.000000), (0.000000, 0.000000, 0.000000, 1.000000))
584 800 -104 600 65.5465
MatrizRotacion: mat4x4((-0.924038, 0.000000, 0.382301, 0.000000), (0.000000, 1.000000, 0.000000, 0.000000), (-0.382301, 0.000000, -0.924038, 0.000000), (0.000000, 0.000000, 0.000000, 1.000000))
636 800 -119 600 60.6405
MatrizRotacion: mat4x4((0.226258, 0.000000, -0.974068, 0.000000), (0.000000, 1.000000, 0.000000, 0.000000), (0.974068, 0.000000, 0.226258, 0.000000), (0.000000, 0.000000, 0.000000, 1.000000))
639 800 -120 600 60.3887
MatrizRotacion: mat4x4((0.453048, 0.000000, 0.891487, 0.000000), (0.000000, 1.000000, 0.000000, 0.000000), (-0.891487, 0.000000, 0.453048, 0.000000), (0.000000, 0.000000, 0.000000, 1.000000))
689 800 -128 600 55.9998
MatrizRotacion: mat4x4((-0.078562, 0.000000, 0.996909, 0.000000), (0.000000, 1.000000, 0.000000, 0.000000), (-0.996909, 0.000000, -0.078562, 0.000000), (0.000000, 0.000000, 0.000000, 1.000000))
740 800 -134 600 51.9508
MatrizRotacion: mat4x4((0.999356, 0.000000, -0.035899, 0.000000), (0.000000, 1.000000, 0.000000, 0.000000), (0.035899, 0.000000, 0.999356, 0.000000), (0.000000, 0.000000, 0.000000, 1.000000))
783 800 -134 600 48.5966
MatrizRotacion: mat4x4((-0.062136, 0.000000, 0.998068, 0.000000), (0.000000, 1.000000, 0.000000, 0.000000), (-0.998068, 0.000000, -0.062136, 0.000000), (0.000000, 0.000000, 0.000000, 1.000000))
785 800 -133 600 48.3828
MatrizRotacion: mat4x4((-0.930842, 0.000000, -0.365424, 0.000000), (0.000000, 1.000000, 0.000000, 0.000000), (0.365424, 0.000000, -0.930842, 0.000000), (0.000000, 0.000000, 0.000000, 1.000000))
815 800 -132 600 46.1732
MatrizRotacion: mat4x4((0.243569, 0.000000, 0.969884, 0.000000), (0.000000, 1.000000, 0.000000, 0.000000), (-0.969884, 0.000000, 0.243569, 0.000000), (0.000000, 0.000000, 0.000000, 1.000000))
832 800 -130 600 44.8898
MatrizRotacion: mat4x4((0.914215, 0.000000, 0.405229, 0.000000), (0.000000, 1.000000, 0.000000, 0.000000), (-0.405229, 0.000000, 0.914215, 0.000000), (0.000000, 0.000000, 0.000000, 1.000000))
839 800 -128 600 44.2956
MatrizRotacion: mat4x4((0.994600, 0.000000, 0.103780, 0.000000), (0.000000, 1.000000, 0.000000, 0.000000), (-0.103780, 0.000000, 0.994600, 0.000000), (0.000000, 0.000000, 0.000000, 1.000000))
839 800 -124 600 44.0265
MatrizRotacion: mat4x4((0.998218, 0.000000, 0.059683, 0.000000), (0.000000, 1.000000, 0.000000, 0.000000), (-0.059683, 0.000000, 0.998218, 0.000000), (0.000000, 0.000000, 0.000000, 1.000000))
839 800 -118 600 43.6184
MatrizRotacion: mat4x4((0.911616, 0.000000, 0.411045, 0.000000), (0.000000, 1.000000, 0.000000, 0.000000), (-0.411045, 0.000000, 0.911616, 0.000000), (0.000000, 0.000000, 0.000000, 1.000000))
839 800 -115 600 43.4122
MatrizRotacion: mat4x4((0.545635, 0.000000, 0.838023, 0.000000), (0.000000, 1.000000, 0.000000, 0.000000), (-0.838023, 0.000000, 0.545635, 0.000000), (0.000000, 0.000000, 0.000000, 1.000000))
839 800 -114 600 43.3432
MatrizRotacion: mat4x4((-0.061903, 0.000000, 0.998082, 0.000000), (0.000000, 1.000000, 0.000000, 0.000000), (-0.998082, 0.000000, -0.061903, 0.000000), (0.000000, 0.000000, 0.000000, 1.000000))
TIME: 0.0167319

POS ANTES: 
X: -3.33507
Y: 0
Z: -14.7988


POS DESPUES: 
X: -3.33507
Y: 0
Z: 15.6354

TIME: 0.0167319
857 800 -119 600 42.5377
MatrizRotacion: mat4x4((-0.997937, 0.000000, 0.064202, 0.000000), (0.000000, 1.000000, 0.000000, 0.000000), (-0.064202, 0.000000, -0.997937, 0.000000), (0.000000, 0.000000, 0.000000, 1.000000))
897 800 -135 600 41.215
MatrizRotacion: mat4x4((0.905380, 0.000000, -0.424602, 0.000000), (0.000000, 1.000000, 0.000000, 0.000000), (0.424602, 0.000000, 0.905380, 0.000000), (0.000000, 0.000000, 0.000000, 1.000000))
899 800 -136 600 41.1661
MatrizRotacion: mat4x4((-0.722116, 0.000000, 0.691772, 0.000000), (0.000000, 1.000000, 0.000000, 0.000000), (-0.691772, 0.000000, -0.722116, 0.000000), (0.000000, 0.000000, 0.000000, 1.000000))
962 800 -159 600 39.2593
MatrizRotacion: mat4x4((0.684079, 0.000000, 0.729408, 0.000000), (0.000000, 1.000000, 0.000000, 0.000000), (-0.729408, 0.000000, 0.684079, 0.000000), (0.000000, 0.000000, 0.000000, 1.000000))
1061 800 -190 600 36.5681
MatrizRotacion: mat4x4((-0.368743, 0.000000, 0.929532, 0.000000), (0.000000, 1.000000, 0.000000, 0.000000), (-0.929532, 0.000000, -0.368743, 0.000000), (0.000000, 0.000000, 0.000000, 1.000000))
1171 800 -214 600 33.7072
MatrizRotacion: mat4x4((0.941825, 0.000000, -0.336105, 0.000000), (0.000000, 1.000000, 0.000000, 0.000000), (0.336105, 0.000000, 0.941825, 0.000000), (0.000000, 0.000000, 0.000000, 1.000000))
1259 800 -232 600 31.7871
MatrizRotacion: mat4x4((0.755797, 0.000000, -0.654806, 0.000000), (0.000000, 1.000000, 0.000000, 0.000000), (0.654806, 0.000000, 0.755797, 0.000000), (0.000000, 0.000000, 0.000000, 1.000000))
1294 800 -239 600 31.1019
MatrizRotacion: mat4x4((0.921104, 0.000000, -0.389317, 0.000000), (0.000000, 1.000000, 0.000000, 0.000000), (0.389317, 0.000000, 0.921104, 0.000000), (0.000000, 0.000000, 0.000000, 1.000000))
1297 800 -240 600 31.064
MatrizRotacion: mat4x4((0.998852, 0.000000, -0.047916, 0.000000), (0.000000, 1.000000, 0.000000, 0.000000), (0.047916, 0.000000, 0.998852, 0.000000), (0.000000, 0.000000, 0.000000, 1.000000))
1277 800 -240 600 31.6381
MatrizRotacion: mat4x4((0.963737, 0.000000, -0.266855, 0.000000), (0.000000, 1.000000, 0.000000, 0.000000), (0.266855, 0.000000, 0.963737, 0.000000), (0.000000, 0.000000, 0.000000, 1.000000))
1275 800 -240 600 31.6966
MatrizRotacion: mat4x4((0.852114, 0.000000, -0.523356, 0.000000), (0.000000, 1.000000, 0.000000, 0.000000), (0.523356, 0.000000, 0.852114, 0.000000), (0.000000, 0.000000, 0.000000, 1.000000))
1219 800 -241 600 33.4642
MatrizRotacion: mat4x4((-0.856397, 0.000000, -0.516319, 0.000000), (0.000000, 1.000000, 0.000000, 0.000000), (0.516319, 0.000000, -0.856397, 0.000000), (0.000000, 0.000000, 0.000000, 1.000000))
1121 800 -236 600 36.6461
MatrizRotacion: mat4x4((0.024730, 0.000000, -0.999694, 0.000000), (0.000000, 1.000000, 0.000000, 0.000000), (0.999694, 0.000000, 0.024730, 0.000000), (0.000000, 0.000000, 0.000000, 1.000000))
1114 800 -236 600 36.9143
MatrizRotacion: mat4x4((0.723984, 0.000000, -0.689817, 0.000000), (0.000000, 1.000000, 0.000000, 0.000000), (0.689817, 0.000000, 0.723984, 0.000000), (0.000000, 0.000000, 0.000000, 1.000000))
986 800 -232 600 42.2562
MatrizRotacion: mat4x4((0.569492, 0.000000, 0.821997, 0.000000), (0.000000, 1.000000, 0.000000, 0.000000), (-0.821997, 0.000000, 0.569492, 0.000000), (0.000000, 0.000000, 0.000000, 1.000000))
843 800 -242 600 50.7651
MatrizRotacion: mat4x4((0.893703, 0.000000, 0.448660, 0.000000), (0.000000, 1.000000, 0.000000, 0.000000), (-0.448660, 0.000000, 0.893703, 0.000000), (0.000000, 0.000000, 0.000000, 1.000000))
707 800 -249 600 60.817
MatrizRotacion: mat4x4((-0.789103, 0.000000, 0.614261, 0.000000), (0.000000, 1.000000, 0.000000, 0.000000), (-0.614261, 0.000000, -0.789103, 0.000000), (0.000000, 0.000000, 0.000000, 1.000000))
429 800 -261 600 87.085
MatrizRotacion: mat4x4((-0.976294, 0.000000, -0.216450, 0.000000), (0.000000, 1.000000, 0.000000, 0.000000), (0.216450, 0.000000, -0.976294, 0.000000), (0.000000, 0.000000, 0.000000, 1.000000))
298 800 -266 600 100.267
MatrizRotacion: mat4x4((-0.885805, 0.000000, -0.464058, 0.000000), (0.000000, 1.000000, 0.000000, 0.000000), (0.464058, 0.000000, -0.885805, 0.000000), (0.000000, 0.000000, 0.000000, 1.000000))
198 800 -269 600 109.601
MatrizRotacion: mat4x4((0.669369, 0.000000, 0.742931, 0.000000), (0.000000, 1.000000, 0.000000, 0.000000), (-0.742931, 0.000000, 0.669369, 0.000000), (0.000000, 0.000000, 0.000000, 1.000000))
193 800 -269 600 110.047
MatrizRotacion: mat4x4((-0.734275, 0.000000, -0.678853, 0.000000), (0.000000, 1.000000, 0.000000, 0.000000), (0.678853, 0.000000, -0.734275, 0.000000), (0.000000, 0.000000, 0.000000, 1.000000))
128 800 -272 600 115.491
MatrizRotacion: mat4x4((0.076378, 0.000000, 0.997079, 0.000000), (0.000000, 0.999999, 0.000000, 0.000000), (-0.997079, 0.000000, 0.076378, 0.000000), (0.000000, 0.000000, 0.000000, 1.000000))
102 800 -273 600 117.537
MatrizRotacion: mat4x4((-0.980833, 0.000000, -0.194854, 0.000000), (0.000000, 0.999999, 0.000000, 0.000000), (0.194854, 0.000000, -0.980833, 0.000000), (0.000000, 0.000000, 0.000000, 1.000000))
99 800 -273 600 117.773
MatrizRotacion: mat4x4((0.230837, 0.000000, -0.972993, 0.000000), (0.000000, 0.999999, 0.000000, 0.000000), (0.972993, 0.000000, 0.230837, 0.000000), (0.000000, 0.000000, 0.000000, 1.000000))
121 800 -273 600 116.021
MatrizRotacion: mat4x4((-0.435948, 0.000000, 0.899972, 0.000000), (0.000000, 0.999999, 0.000000, 0.000000), (-0.899972, 0.000000, -0.435948, 0.000000), (0.000000, 0.000000, 0.000000, 1.000000))
174 800 -271 600 111.65
MatrizRotacion: mat4x4((-0.946840, 0.000000, -0.321705, 0.000000), (0.000000, 0.999999, 0.000000, 0.000000), (0.321705, 0.000000, -0.946840, 0.000000), (0.000000, 0.000000, 0.000000, 1.000000))
269 800 -264 600 103.128
MatrizRotacion: mat4x4((0.643603, 0.000000, 0.765360, 0.000000), (0.000000, 0.999999, 0.000000, 0.000000), (-0.765360, 0.000000, 0.643603, 0.000000), (0.000000, 0.000000, 0.000000, 1.000000))
373 800 -257 600 92.8222
MatrizRotacion: mat4x4((-0.664139, 0.000000, 0.747610, 0.000000), (0.000000, 0.999999, 0.000000, 0.000000), (-0.747610, 0.000000, -0.664139, 0.000000), (0.000000, 0.000000, 0.000000, 1.000000))
380 800 -257 600 92.1031
MatrizRotacion: mat4x4((-0.267294, 0.000000, -0.963615, 0.000000), (0.000000, 0.999999, 0.000000, 0.000000), (0.963615, 0.000000, -0.267294, 0.000000), (0.000000, 0.000000, 0.000000, 1.000000))
466 800 -255 600 83.2605
MatrizRotacion: mat4x4((-0.961364, 0.000000, 0.275283, 0.000000), (0.000000, 0.999999, 0.000000, 0.000000), (-0.275283, 0.000000, -0.961364, 0.000000), (0.000000, 0.000000, 0.000000, 1.000000))
528 800 -254 600 77.0293
MatrizRotacion: mat4x4((0.332724, 0.000000, 0.943024, 0.000000), (0.000000, 0.999999, 0.000000, 0.000000), (-0.943024, 0.000000, 0.332724, 0.000000), (0.000000, 0.000000, 0.000000, 1.000000))
566 800 -254 600 73.3569
MatrizRotacion: mat4x4((-0.991390, 0.000000, -0.130941, 0.000000), (0.000000, 0.999999, 0.000000, 0.000000), (0.130941, 0.000000, -0.991390, 0.000000), (0.000000, 0.000000, 0.000000, 1.000000))
580 800 -254 600 72.037
MatrizRotacion: mat4x4((0.939059, 0.000000, 0.343758, 0.000000), (0.000000, 0.999999, 0.000000, 0.000000), (-0.343758, 0.000000, 0.939059, 0.000000), (0.000000, 0.000000, 0.000000, 1.000000))
582 800 -254 600 71.85
MatrizRotacion: mat4x4((-0.726554, 0.000000, -0.687109, 0.000000), (0.000000, 0.999999, 0.000000, 0.000000), (0.687109, 0.000000, -0.726554, 0.000000), (0.000000, 0.000000, 0.000000, 1.000000))
TIME: 0.0167354
Nodo eliminado
Nodo eliminado
Nodo eliminado
Nodo eliminado
Nodo eliminado
Nodo eliminado
Nodo eliminado
Nodo eliminado
Nodo eliminado
Nodo eliminado
Nodo eliminado
Nodo eliminado
Nodo eliminado
Nodo eliminado
Nodo eliminado
Nodo eliminado
Nodo eliminado
Nodo eliminado
Nodo eliminado
Nodo eliminado
Nodo eliminado
Nodo eliminado
Nodo eliminado
Nodo eliminado
Nodo eliminado
Nodo eliminado
Nodo eliminado
Nodo eliminado
Nodo eliminado
Nodo eliminado
Nodo eliminado
Nodo eliminado
Nodo eliminado
Nodo eliminado
Nodo eliminado
Nodo eliminado
Nodo eliminado
Nodo eliminado
Nodo eliminado
Nodo eliminado
Nodo eliminado
Nodo eliminado
Nodo eliminado
Nodo eliminado
Nodo eliminado
Nodo eliminado
Nodo eliminado
Nodo eliminado
Nodo eliminado
Facade Destroted
shader Destroyed
