Vendor: NVIDIA Corporation
Renderer: GeForce GTX 970/PCIe/SSE2
OpenGL Version: 4.5.0 NVIDIA 372.70
GLSL: 4.50 NVIDIA

MatrizRotacion: mat4x4((1.000000, 0.000000, 0.000000, 0.000000), (0.000000, 1.000000, 0.000000, 0.000000), (0.000000, 0.000000, 1.000000, 0.000000), (0.000000, 0.000000, 0.000000, 1.000000))
MatrizRotacion: mat4x4((1.000000, 0.000000, 0.000000, 0.000000), (0.000000, 1.000000, 0.000000, 0.000000), (0.000000, 0.000000, 1.000000, 0.000000), (0.000000, 0.000000, 0.000000, 1.000000))
MatrizRotacion: mat4x4((1.000000, 0.000000, 0.000000, 0.000000), (0.000000, 1.000000, 0.000000, 0.000000), (0.000000, 0.000000, 1.000000, 0.000000), (0.000000, 0.000000, 0.000000, 1.000000))
MatrizRotacion: mat4x4((1.000000, 0.000000, 0.000000, 0.000000), (0.000000, 1.000000, 0.000000, 0.000000), (0.000000, 0.000000, 1.000000, 0.000000), (0.000000, 0.000000, 0.000000, 1.000000))
MatrizRotacion: mat4x4((1.000000, 0.000000, 0.000000, 0.000000), (0.000000, 1.000000, 0.000000, 0.000000), (0.000000, 0.000000, 1.000000, 0.000000), (0.000000, 0.000000, 0.000000, 1.000000))
MatrizRotacion: mat4x4((1.000000, 0.000000, 0.000000, 0.000000), (0.000000, 1.000000, 0.000000, 0.000000), (0.000000, 0.000000, 1.000000, 0.000000), (0.000000, 0.000000, 0.000000, 1.000000))
MatrizRotacion: mat4x4((1.000000, 0.000000, 0.000000, 0.000000), (0.000000, 1.000000, 0.000000, 0.000000), (0.000000, 0.000000, 1.000000, 0.000000), (0.000000, 0.000000, 0.000000, 1.000000))
MatrizRotacion: mat4x4((1.000000, 0.000000, 0.000000, 0.000000), (0.000000, 1.000000, 0.000000, 0.000000), (0.000000, 0.000000, 1.000000, 0.000000), (0.000000, 0.000000, 0.000000, 1.000000))
MatrizRotacion: mat4x4((1.000000, 0.000000, 0.000000, 0.000000), (0.000000, 1.000000, 0.000000, 0.000000), (0.000000, 0.000000, 1.000000, 0.000000), (0.000000, 0.000000, 0.000000, 1.000000))
MatrizRotacion: mat4x4((1.000000, 0.000000, 0.000000, 0.000000), (0.000000, 1.000000, 0.000000, 0.000000), (0.000000, 0.000000, 1.000000, 0.000000), (0.000000, 0.000000, 0.000000, 1.000000))
MatrizRotacion: mat4x4((1.000000, 0.000000, 0.000000, 0.000000), (0.000000, 1.000000, 0.000000, 0.000000), (0.000000, 0.000000, 1.000000, 0.000000), (0.000000, 0.000000, 0.000000, 1.000000))
Recurso nombre: nanosuit.obj
MatrizRotacion: mat4x4((1.000000, 0.000000, 0.000000, 0.000000), (0.000000, 1.000000, 0.000000, 0.000000), (0.000000, 0.000000, 1.000000, 0.000000), (0.000000, 0.000000, 0.000000, 1.000000))
MatrizRotacion: mat4x4((1.000000, 0.000000, 0.000000, 0.000000), (0.000000, 1.000000, 0.000000, 0.000000), (0.000000, 0.000000, 1.000000, 0.000000), (0.000000, 0.000000, 0.000000, 1.000000))
MatrizRotacion: mat4x4((1.000000, 0.000000, 0.000000, 0.000000), (0.000000, 1.000000, 0.000000, 0.000000), (0.000000, 0.000000, 1.000000, 0.000000), (0.000000, 0.000000, 0.000000, 1.000000))
Recurso nombre: untitled.obj
MatrizRotacion: mat4x4((1.000000, 0.000000, 0.000000, 0.000000), (0.000000, 1.000000, 0.000000, 0.000000), (0.000000, 0.000000, 1.000000, 0.000000), (0.000000, 0.000000, 0.000000, 1.000000))
MatrizRotacion: mat4x4((1.000000, 0.000000, 0.000000, 0.000000), (0.000000, 1.000000, 0.000000, 0.000000), (0.000000, 0.000000, 1.000000, 0.000000), (0.000000, 0.000000, 0.000000, 1.000000))
MatrizRotacion: mat4x4((1.000000, 0.000000, 0.000000, 0.000000), (0.000000, 1.000000, 0.000000, 0.000000), (0.000000, 0.000000, 1.000000, 0.000000), (0.000000, 0.000000, 0.000000, 1.000000))
MatrizRotacion: mat4x4((1.000000, 0.000000, 0.000000, 0.000000), (0.000000, 1.000000, 0.000000, 0.000000), (0.000000, 0.000000, 1.000000, 0.000000), (0.000000, 0.000000, 0.000000, 1.000000))
MatrizRotacion: mat4x4((1.000000, 0.000000, 0.000000, 0.000000), (0.000000, 1.000000, 0.000000, 0.000000), (0.000000, 0.000000, 1.000000, 0.000000), (0.000000, 0.000000, 0.000000, 1.000000))
MatrizRotacion: mat4x4((1.000000, 0.000000, 0.000000, 0.000000), (0.000000, 1.000000, 0.000000, 0.000000), (0.000000, 0.000000, 1.000000, 0.000000), (0.000000, 0.000000, 0.000000, 1.000000))
MatrizRotacion: mat4x4((1.000000, 0.000000, 0.000000, 0.000000), (0.000000, 1.000000, 0.000000, 0.000000), (0.000000, 0.000000, 1.000000, 0.000000), (0.000000, 0.000000, 0.000000, 1.000000))
MatrizRotacion: mat4x4((1.000000, 0.000000, 0.000000, 0.000000), (0.000000, 1.000000, 0.000000, 0.000000), (0.000000, 0.000000, 1.000000, 0.000000), (0.000000, 0.000000, 0.000000, 1.000000))
MatrizRotacion: mat4x4((1.000000, 0.000000, 0.000000, 0.000000), (0.000000, 1.000000, 0.000000, 0.000000), (0.000000, 0.000000, 1.000000, 0.000000), (0.000000, 0.000000, 0.000000, 1.000000))
MatrizRotacion: mat4x4((1.000000, 0.000000, 0.000000, 0.000000), (0.000000, 1.000000, 0.000000, 0.000000), (0.000000, 0.000000, 1.000000, 0.000000), (0.000000, 0.000000, 0.000000, 1.000000))
MatrizRotacion: mat4x4((1.000000, 0.000000, 0.000000, 0.000000), (0.000000, 1.000000, 0.000000, 0.000000), (0.000000, 0.000000, 1.000000, 0.000000), (0.000000, 0.000000, 0.000000, 1.000000))
MatrizRotacion: mat4x4((1.000000, 0.000000, 0.000000, 0.000000), (0.000000, 1.000000, 0.000000, 0.000000), (0.000000, 0.000000, 1.000000, 0.000000), (0.000000, 0.000000, 0.000000, 1.000000))
MatrizRotacion: mat4x4((1.000000, 0.000000, 0.000000, 0.000000), (0.000000, 1.000000, 0.000000, 0.000000), (0.000000, 0.000000, 1.000000, 0.000000), (0.000000, 0.000000, 0.000000, 1.000000))
MatrizRotacion: mat4x4((1.000000, 0.000000, 0.000000, 0.000000), (0.000000, 1.000000, 0.000000, 0.000000), (0.000000, 0.000000, 1.000000, 0.000000), (0.000000, 0.000000, 0.000000, 1.000000))
MatrizRotacion: mat4x4((1.000000, 0.000000, 0.000000, 0.000000), (0.000000, 1.000000, 0.000000, 0.000000), (0.000000, 0.000000, 1.000000, 0.000000), (0.000000, 0.000000, 0.000000, 1.000000))
MatrizRotacion: mat4x4((1.000000, 0.000000, 0.000000, 0.000000), (0.000000, 1.000000, 0.000000, 0.000000), (0.000000, 0.000000, 1.000000, 0.000000), (0.000000, 0.000000, 0.000000, 1.000000))
MatrizRotacion: mat4x4((1.000000, 0.000000, 0.000000, 0.000000), (0.000000, 1.000000, 0.000000, 0.000000), (0.000000, 0.000000, 1.000000, 0.000000), (0.000000, 0.000000, 0.000000, 1.000000))
MatrizRotacion: mat4x4((1.000000, 0.000000, 0.000000, 0.000000), (0.000000, 1.000000, 0.000000, 0.000000), (0.000000, 0.000000, 1.000000, 0.000000), (0.000000, 0.000000, 0.000000, 1.000000))
MatrizRotacion: mat4x4((1.000000, 0.000000, 0.000000, 0.000000), (0.000000, 1.000000, 0.000000, 0.000000), (0.000000, 0.000000, 1.000000, 0.000000), (0.000000, 0.000000, 0.000000, 1.000000))
MatrizRotacion: mat4x4((1.000000, 0.000000, 0.000000, 0.000000), (0.000000, 1.000000, 0.000000, 0.000000), (0.000000, 0.000000, 1.000000, 0.000000), (0.000000, 0.000000, 0.000000, 1.000000))
MatrizRotacion: mat4x4((1.000000, 0.000000, 0.000000, 0.000000), (0.000000, 1.000000, 0.000000, 0.000000), (0.000000, 0.000000, 1.000000, 0.000000), (0.000000, 0.000000, 0.000000, 1.000000))
MatrizRotacion: mat4x4((1.000000, 0.000000, 0.000000, 0.000000), (0.000000, 1.000000, 0.000000, 0.000000), (0.000000, 0.000000, 1.000000, 0.000000), (0.000000, 0.000000, 0.000000, 1.000000))
MatrizRotacion: mat4x4((1.000000, 0.000000, 0.000000, 0.000000), (0.000000, 1.000000, 0.000000, 0.000000), (0.000000, 0.000000, 1.000000, 0.000000), (0.000000, 0.000000, 0.000000, 1.000000))
MatrizRotacion: mat4x4((1.000000, 0.000000, 0.000000, 0.000000), (0.000000, 1.000000, 0.000000, 0.000000), (0.000000, 0.000000, 1.000000, 0.000000), (0.000000, 0.000000, 0.000000, 1.000000))
-------------------------------------->0
640 800 360 600 14.0434
MatrizRotacion: mat4x4((0.093667, 0.000000, -0.995604, 0.000000), (0.000000, 1.000000, 0.000000, 0.000000), (0.995604, 0.000000, 0.093667, 0.000000), (0.000000, 0.000000, 0.000000, 1.000000))
640 800 355 600 12.914
MatrizRotacion: mat4x4((-0.251065, 0.000000, -0.967970, 0.000000), (0.000000, 1.000000, 0.000000, 0.000000), (0.967970, 0.000000, -0.251065, 0.000000), (0.000000, 0.000000, 0.000000, 1.000000))
640 800 348 600 11.3157
MatrizRotacion: mat4x4((0.839803, 0.000000, -0.542891, 0.000000), (0.000000, 1.000000, 0.000000, 0.000000), (0.542891, 0.000000, 0.839803, 0.000000), (0.000000, 0.000000, 0.000000, 1.000000))
637 800 340 600 9.58475
MatrizRotacion: mat4x4((-0.742602, 0.000000, 0.669733, 0.000000), (0.000000, 1.000000, 0.000000, 0.000000), (-0.669733, 0.000000, -0.742602, 0.000000), (0.000000, 0.000000, 0.000000, 1.000000))
631 800 331 600 7.64725
MatrizRotacion: mat4x4((0.503048, 0.000000, 0.864259, 0.000000), (0.000000, 1.000000, 0.000000, 0.000000), (-0.864259, 0.000000, 0.503048, 0.000000), (0.000000, 0.000000, 0.000000, 1.000000))
621 800 322 600 5.68781
MatrizRotacion: mat4x4((-0.068204, 0.000000, 0.997671, 0.000000), (0.000000, 1.000000, 0.000000, 0.000000), (-0.997671, 0.000000, -0.068204, 0.000000), (0.000000, 0.000000, 0.000000, 1.000000))
608 800 316 600 4.40094
MatrizRotacion: mat4x4((-0.928772, 0.000000, -0.370651, 0.000000), (0.000000, 1.000000, 0.000000, 0.000000), (0.370651, 0.000000, -0.928772, 0.000000), (0.000000, 0.000000, 0.000000, 1.000000))
603 800 314 600 3.94719
MatrizRotacion: mat4x4((0.910673, 0.000000, -0.413127, 0.000000), (0.000000, 1.000000, 0.000000, 0.000000), (0.413127, 0.000000, 0.910673, 0.000000), (0.000000, 0.000000, 0.000000, 1.000000))
563 800 299 600 0.351682
MatrizRotacion: mat4x4((0.712623, 0.000000, -0.701548, 0.000000), (0.000000, 1.000000, 0.000000, 0.000000), (0.701548, 0.000000, 0.712623, 0.000000), (0.000000, 0.000000, 0.000000, 1.000000))
499 800 275 600 14.1795
MatrizRotacion: mat4x4((-0.731096, 0.000000, -0.682275, 0.000000), (0.000000, 1.000000, 0.000000, 0.000000), (0.682275, 0.000000, -0.731096, 0.000000), (0.000000, 0.000000, 0.000000, 1.000000))
427 800 268 600 49.8693
MatrizRotacion: mat4x4((-0.411159, 0.000000, -0.911563, 0.000000), (0.000000, 1.000000, 0.000000, 0.000000), (0.911563, 0.000000, -0.411159, 0.000000), (0.000000, 0.000000, 0.000000, 1.000000))
417 800 268 600 62.052
MatrizRotacion: mat4x4((0.348660, 0.000000, -0.937249, 0.000000), (0.000000, 1.000000, 0.000000, 0.000000), (0.937249, 0.000000, 0.348660, 0.000000), (0.000000, 0.000000, 0.000000, 1.000000))
355 800 273 600 149.112
MatrizRotacion: mat4x4((0.891586, 0.000000, 0.452851, 0.000000), (0.000000, 1.000000, 0.000000, 0.000000), (-0.452851, 0.000000, 0.891586, 0.000000), (0.000000, 0.000000, 0.000000, 1.000000))
304 800 288 600 172.963
MatrizRotacion: mat4x4((-0.956833, 0.000000, -0.290639, 0.000000), (0.000000, 1.000000, 0.000000, 0.000000), (0.290639, 0.000000, -0.956833, 0.000000), (0.000000, 0.000000, 0.000000, 1.000000))
264 800 308 600 176.723
MatrizRotacion: mat4x4((-0.878039, 0.000000, 0.478588, 0.000000), (0.000000, 1.000000, 0.000000, 0.000000), (-0.478588, 0.000000, -0.878039, 0.000000), (0.000000, 0.000000, 0.000000, 1.000000))
260 800 312 600 175.19
MatrizRotacion: mat4x4((-0.971236, 0.000000, -0.238120, 0.000000), (0.000000, 1.000000, 0.000000, 0.000000), (0.238120, 0.000000, -0.971236, 0.000000), (0.000000, 0.000000, 0.000000, 1.000000))
240 800 335 600 167.746
MatrizRotacion: mat4x4((0.539363, 0.000000, -0.842073, 0.000000), (0.000000, 1.000000, 0.000000, 0.000000), (0.842073, 0.000000, 0.539363, 0.000000), (0.000000, 0.000000, 0.000000, 1.000000))
233 800 365 600 158.813
MatrizRotacion: mat4x4((-0.918446, 0.000000, -0.395547, 0.000000), (0.000000, 1.000000, 0.000000, 0.000000), (0.395547, 0.000000, -0.918446, 0.000000), (0.000000, 0.000000, 0.000000, 1.000000))
232 800 400 600 149.313
MatrizRotacion: mat4x4((0.313941, 0.000000, -0.949442, 0.000000), (0.000000, 1.000000, 0.000000, 0.000000), (0.949442, 0.000000, 0.313941, 0.000000), (0.000000, 0.000000, 0.000000, 1.000000))
242 800 430 600 140.624
MatrizRotacion: mat4x4((-0.875632, 0.000000, 0.482979, 0.000000), (0.000000, 1.000000, 0.000000, 0.000000), (-0.482979, 0.000000, -0.875632, 0.000000), (0.000000, 0.000000, 0.000000, 1.000000))
261 800 456 600 131.769
MatrizRotacion: mat4x4((-0.947392, 0.000000, 0.320074, 0.000000), (0.000000, 1.000000, 0.000000, 0.000000), (-0.320074, 0.000000, -0.947392, 0.000000), (0.000000, 0.000000, 0.000000, 1.000000))
275 800 468 600 126.715
MatrizRotacion: mat4x4((-0.192242, 0.000000, 0.981348, 0.000000), (0.000000, 1.000000, 0.000000, 0.000000), (-0.981348, 0.000000, -0.192242, 0.000000), (0.000000, 0.000000, 0.000000, 1.000000))
276 800 469 600 126.333
MatrizRotacion: mat4x4((0.457719, 0.000000, 0.889097, 0.000000), (0.000000, 1.000000, 0.000000, 0.000000), (-0.889097, 0.000000, 0.457719, 0.000000), (0.000000, 0.000000, 0.000000, 1.000000))
301 800 477 600 119.28
MatrizRotacion: mat4x4((0.365922, 0.000000, 0.930645, 0.000000), (0.000000, 1.000000, 0.000000, 0.000000), (-0.930645, 0.000000, 0.365922, 0.000000), (0.000000, 0.000000, 0.000000, 1.000000))
339 800 480 600 108.776
MatrizRotacion: mat4x4((0.720849, 0.000000, -0.693092, 0.000000), (0.000000, 1.000000, 0.000000, 0.000000), (0.693092, 0.000000, 0.720849, 0.000000), (0.000000, 0.000000, 0.000000, 1.000000))
385 800 477 600 94.8921
MatrizRotacion: mat4x4((0.160010, 0.000000, -0.987115, 0.000000), (0.000000, 1.000000, 0.000000, 0.000000), (0.987115, 0.000000, 0.160010, 0.000000), (0.000000, 0.000000, 0.000000, 1.000000))
451 800 450 600 71.2581
MatrizRotacion: mat4x4((-0.916498, 0.000000, 0.400039, 0.000000), (0.000000, 1.000000, 0.000000, 0.000000), (-0.400039, 0.000000, -0.916498, 0.000000), (0.000000, 0.000000, 0.000000, 1.000000))
504 800 422 600 49.5789
MatrizRotacion: mat4x4((-0.962420, 0.000000, -0.271567, 0.000000), (0.000000, 1.000000, 0.000000, 0.000000), (0.271567, 0.000000, -0.962420, 0.000000), (0.000000, 0.000000, 0.000000, 1.000000))
544 800 393 600 32.8724
MatrizRotacion: mat4x4((-0.379593, 0.000000, 0.925154, 0.000000), (0.000000, 1.000000, 0.000000, 0.000000), (-0.925154, 0.000000, -0.379593, 0.000000), (0.000000, 0.000000, 0.000000, 1.000000))
569 800 366 600 21.3431
MatrizRotacion: mat4x4((0.861096, 0.000000, -0.508443, 0.000000), (0.000000, 1.000000, 0.000000, 0.000000), (0.508443, 0.000000, 0.861096, 0.000000), (0.000000, 0.000000, 0.000000, 1.000000))
570 800 363 600 20.3444
MatrizRotacion: mat4x4((-0.441662, 0.000000, -0.897181, 0.000000), (0.000000, 1.000000, 0.000000, 0.000000), (0.897181, 0.000000, -0.441662, 0.000000), (0.000000, 0.000000, 0.000000, 1.000000))
580 800 335 600 11.0091
MatrizRotacion: mat4x4((0.891116, 0.000000, -0.453776, 0.000000), (0.000000, 1.000000, 0.000000, 0.000000), (0.453776, 0.000000, 0.891116, 0.000000), (0.000000, 0.000000, 0.000000, 1.000000))
580 800 319 600 6.02863
MatrizRotacion: mat4x4((0.976667, 0.000000, -0.214758, 0.000000), (0.000000, 1.000000, 0.000000, 0.000000), (0.214758, 0.000000, 0.976667, 0.000000), (0.000000, 0.000000, 0.000000, 1.000000))
580 800 310 600 3.18144
MatrizRotacion: mat4x4((-0.967336, 0.000000, 0.253498, 0.000000), (0.000000, 1.000000, 0.000000, 0.000000), (-0.253498, 0.000000, -0.967336, 0.000000), (0.000000, 0.000000, 0.000000, 1.000000))
578 800 303 600 0.966058
MatrizRotacion: mat4x4((-0.341436, 0.000000, 0.939905, 0.000000), (0.000000, 1.000000, 0.000000, 0.000000), (-0.939905, 0.000000, -0.341436, 0.000000), (0.000000, 0.000000, 0.000000, 1.000000))
574 800 297 600 0.988261
MatrizRotacion: mat4x4((0.597049, 0.000000, 0.802205, 0.000000), (0.000000, 1.000000, 0.000000, 0.000000), (-0.802205, 0.000000, 0.597049, 0.000000), (0.000000, 0.000000, 0.000000, 1.000000))
565 800 289 600 3.81601
MatrizRotacion: mat4x4((-0.967268, 0.000000, -0.253757, 0.000000), (0.000000, 1.000000, 0.000000, 0.000000), (0.253757, 0.000000, -0.967268, 0.000000), (0.000000, 0.000000, 0.000000, 1.000000))
555 800 286 600 5.16372
MatrizRotacion: mat4x4((-0.193536, 0.000000, -0.981093, 0.000000), (0.000000, 1.000000, 0.000000, 0.000000), (0.981093, 0.000000, -0.193536, 0.000000), (0.000000, 0.000000, 0.000000, 1.000000))
542 800 282 600 7.22798
MatrizRotacion: mat4x4((-0.908450, 0.000000, -0.417995, 0.000000), (0.000000, 1.000000, 0.000000, 0.000000), (0.417995, 0.000000, -0.908450, 0.000000), (0.000000, 0.000000, 0.000000, 1.000000))
526 800 278 600 9.90921
MatrizRotacion: mat4x4((0.998586, 0.000000, -0.053167, 0.000000), (0.000000, 1.000000, 0.000000, 0.000000), (0.053167, 0.000000, 0.998586, 0.000000), (0.000000, 0.000000, 0.000000, 1.000000))
523 800 278 600 10.1459
MatrizRotacion: mat4x4((-0.714875, 0.000000, 0.699252, 0.000000), (0.000000, 1.000000, 0.000000, 0.000000), (-0.699252, 0.000000, -0.714875, 0.000000), (0.000000, 0.000000, 0.000000, 1.000000))
507 800 278 600 11.6244
MatrizRotacion: mat4x4((-0.985988, 0.000000, -0.166819, 0.000000), (0.000000, 1.000000, 0.000000, 0.000000), (0.166819, 0.000000, -0.985988, 0.000000), (0.000000, 0.000000, 0.000000, 1.000000))
493 800 279 600 12.7308
MatrizRotacion: mat4x4((-0.999995, 0.000000, -0.003164, 0.000000), (0.000000, 1.000000, 0.000000, 0.000000), (0.003164, 0.000000, -0.999995, 0.000000), (0.000000, 0.000000, 0.000000, 1.000000))
480 800 295 600 3.57815
MatrizRotacion: mat4x4((0.907547, 0.000000, -0.419951, 0.000000), (0.000000, 1.000000, 0.000000, 0.000000), (0.419951, 0.000000, 0.907547, 0.000000), (0.000000, 0.000000, 0.000000, 1.000000))
479 800 298 600 1.45095
MatrizRotacion: mat4x4((-0.308435, 0.000000, -0.951245, 0.000000), (0.000000, 1.000000, 0.000000, 0.000000), (0.951245, 0.000000, -0.308435, 0.000000), (0.000000, 0.000000, 0.000000, 1.000000))
463 800 330 600 25.4763
MatrizRotacion: mat4x4((-0.610796, 0.000000, -0.791788, 0.000000), (0.000000, 1.000000, 0.000000, 0.000000), (0.791788, 0.000000, -0.610796, 0.000000), (0.000000, 0.000000, 0.000000, 1.000000))
451 800 377 600 56.5106
MatrizRotacion: mat4x4((-0.580251, 0.000000, -0.814438, 0.000000), (0.000000, 1.000000, 0.000000, 0.000000), (0.814438, 0.000000, -0.580251, 0.000000), (0.000000, 0.000000, 0.000000, 1.000000))
445 800 424 600 70.0895
MatrizRotacion: mat4x4((-0.999742, 0.000000, 0.022731, 0.000000), (0.000000, 1.000000, 0.000000, 0.000000), (-0.022731, 0.000000, -0.999742, 0.000000), (0.000000, 0.000000, 0.000000, 1.000000))
445 800 430 600 70.9425
MatrizRotacion: mat4x4((0.275753, 0.000000, 0.961229, 0.000000), (0.000000, 1.000000, 0.000000, 0.000000), (-0.961229, 0.000000, 0.275753, 0.000000), (0.000000, 0.000000, 0.000000, 1.000000))
446 800 446 600 72.5488
MatrizRotacion: mat4x4((-0.540914, 0.000000, -0.841078, 0.000000), (0.000000, 1.000000, 0.000000, 0.000000), (0.841078, 0.000000, -0.540914, 0.000000), (0.000000, 0.000000, 0.000000, 1.000000))
437 800 459 600 76.9392
MatrizRotacion: mat4x4((-0.856850, 0.000000, 0.515565, 0.000000), (0.000000, 1.000000, 0.000000, 0.000000), (-0.515565, 0.000000, -0.856850, 0.000000), (0.000000, 0.000000, 0.000000, 1.000000))
450 800 467 600 73.3694
MatrizRotacion: mat4x4((-0.083573, 0.000000, -0.996502, 0.000000), (0.000000, 1.000000, 0.000000, 0.000000), (0.996502, 0.000000, -0.083573, 0.000000), (0.000000, 0.000000, 0.000000, 1.000000))
465 800 475 600 69.6589
MatrizRotacion: mat4x4((-0.587134, 0.000000, -0.809490, 0.000000), (0.000000, 1.000000, 0.000000, 0.000000), (0.809490, 0.000000, -0.587134, 0.000000), (0.000000, 0.000000, 0.000000, 1.000000))
467 800 476 600 69.1942
MatrizRotacion: mat4x4((-0.649279, 0.000000, -0.760550, 0.000000), (0.000000, 1.000000, 0.000000, 0.000000), (0.760550, 0.000000, -0.649279, 0.000000), (0.000000, 0.000000, 0.000000, 1.000000))
484 800 482 600 65.2579
MatrizRotacion: mat4x4((-0.008867, 0.000000, 0.999961, 0.000000), (0.000000, 1.000000, 0.000000, 0.000000), (-0.999961, 0.000000, -0.008867, 0.000000), (0.000000, 0.000000, 0.000000, 1.000000))
493 800 485 600 63.3433
MatrizRotacion: mat4x4((0.481701, 0.000000, 0.876336, 0.000000), (0.000000, 1.000000, 0.000000, 0.000000), (-0.876336, 0.000000, 0.481701, 0.000000), (0.000000, 0.000000, 0.000000, 1.000000))
468 800 481 600 69.4445
MatrizRotacion: mat4x4((0.739299, 0.000000, 0.673377, 0.000000), (0.000000, 1.000000, 0.000000, 0.000000), (-0.673377, 0.000000, 0.739299, 0.000000), (0.000000, 0.000000, 0.000000, 1.000000))
453 800 480 600 73.6306
MatrizRotacion: mat4x4((-0.804979, 0.000000, 0.593303, 0.000000), (0.000000, 1.000000, 0.000000, 0.000000), (-0.593303, 0.000000, -0.804979, 0.000000), (0.000000, 0.000000, 0.000000, 1.000000))
446 800 480 600 75.7029
MatrizRotacion: mat4x4((-0.589889, 0.000000, 0.807484, 0.000000), (0.000000, 1.000000, 0.000000, 0.000000), (-0.807484, 0.000000, -0.589889, 0.000000), (0.000000, 0.000000, 0.000000, 1.000000))
406 800 477 600 88.1032
MatrizRotacion: mat4x4((-0.472686, 0.000000, 0.881231, 0.000000), (0.000000, 1.000000, 0.000000, 0.000000), (-0.881231, 0.000000, -0.472686, 0.000000), (0.000000, 0.000000, 0.000000, 1.000000))
345 800 470 600 107.983
MatrizRotacion: mat4x4((0.625812, 0.000000, 0.779974, 0.000000), (0.000000, 1.000000, 0.000000, 0.000000), (-0.779974, 0.000000, 0.625812, 0.000000), (0.000000, 0.000000, 0.000000, 1.000000))
268 800 460 600 129.588
MatrizRotacion: mat4x4((-0.993778, 0.000000, -0.111374, 0.000000), (0.000000, 1.000000, 0.000000, 0.000000), (0.111374, 0.000000, -0.993778, 0.000000), (0.000000, 0.000000, 0.000000, 1.000000))
224 800 453 600 139.069
MatrizRotacion: mat4x4((-0.746635, 0.000000, 0.665233, 0.000000), (0.000000, 1.000000, 0.000000, 0.000000), (-0.665233, 0.000000, -0.746635, 0.000000), (0.000000, 0.000000, 0.000000, 1.000000))
203 800 445 600 143.718
MatrizRotacion: mat4x4((-0.997744, 0.000000, -0.067128, 0.000000), (0.000000, 1.000000, 0.000000, 0.000000), (0.067128, 0.000000, -0.997744, 0.000000), (0.000000, 0.000000, 0.000000, 1.000000))
193 800 440 600 146.002
MatrizRotacion: mat4x4((-0.148292, 0.000000, 0.988943, 0.000000), (0.000000, 1.000000, 0.000000, 0.000000), (-0.988943, 0.000000, -0.148292, 0.000000), (0.000000, 0.000000, 0.000000, 1.000000))
190 800 437 600 146.955
MatrizRotacion: mat4x4((0.750529, 0.000000, -0.660837, 0.000000), (0.000000, 1.000000, 0.000000, 0.000000), (0.660837, 0.000000, 0.750529, 0.000000), (0.000000, 0.000000, 0.000000, 1.000000))
188 800 434 600 147.779
MatrizRotacion: mat4x4((-0.662964, 0.000000, 0.748651, 0.000000), (0.000000, 1.000000, 0.000000, 0.000000), (-0.748651, 0.000000, -0.662964, 0.000000), (0.000000, 0.000000, 0.000000, 1.000000))
187 800 428 600 149.072
MatrizRotacion: mat4x4((-0.638571, 0.000000, -0.769563, 0.000000), (0.000000, 1.000000, 0.000000, 0.000000), (0.769563, 0.000000, -0.638571, 0.000000), (0.000000, 0.000000, 0.000000, 1.000000))
187 800 427 600 149.27
MatrizRotacion: mat4x4((0.740226, 0.000000, -0.672358, 0.000000), (0.000000, 1.000000, 0.000000, 0.000000), (0.672358, 0.000000, 0.740226, 0.000000), (0.000000, 0.000000, 0.000000, 1.000000))
185 800 420 600 150.909
MatrizRotacion: mat4x4((0.660109, 0.000000, -0.751170, 0.000000), (0.000000, 1.000000, 0.000000, 0.000000), (0.751170, 0.000000, 0.660109, 0.000000), (0.000000, 0.000000, 0.000000, 1.000000))
179 800 408 600 154.034
MatrizRotacion: mat4x4((-0.585177, 0.000000, 0.810905, 0.000000), (0.000000, 1.000000, 0.000000, 0.000000), (-0.810905, 0.000000, -0.585177, 0.000000), (0.000000, 0.000000, 0.000000, 1.000000))
175 800 395 600 157.189
MatrizRotacion: mat4x4((-0.493056, 0.000000, 0.869997, 0.000000), (0.000000, 1.000000, 0.000000, 0.000000), (-0.869997, 0.000000, -0.493056, 0.000000), (0.000000, 0.000000, 0.000000, 1.000000))
174 800 393 600 157.713
MatrizRotacion: mat4x4((0.117069, 0.000000, 0.993123, 0.000000), (0.000000, 1.000000, 0.000000, 0.000000), (-0.993123, 0.000000, 0.117069, 0.000000), (0.000000, 0.000000, 0.000000, 1.000000))
170 800 379 600 161.125
MatrizRotacion: mat4x4((-0.852793, 0.000000, -0.522248, 0.000000), (0.000000, 0.999999, 0.000000, 0.000000), (0.522248, 0.000000, -0.852793, 0.000000), (0.000000, 0.000000, 0.000000, 1.000000))
170 800 361 600 165.23
MatrizRotacion: mat4x4((-0.250498, 0.000000, 0.968117, 0.000000), (0.000000, 0.999999, 0.000000, 0.000000), (-0.968117, 0.000000, -0.250498, 0.000000), (0.000000, 0.000000, 0.000000, 1.000000))
173 800 343 600 169.36
MatrizRotacion: mat4x4((-0.513814, 0.000000, 0.857901, 0.000000), (0.000000, 0.999999, 0.000000, 0.000000), (-0.857901, 0.000000, -0.513814, 0.000000), (0.000000, 0.000000, 0.000000, 1.000000))
174 800 341 600 169.804
MatrizRotacion: mat4x4((-0.372842, 0.000000, 0.927895, 0.000000), (0.000000, 0.999999, 0.000000, 0.000000), (-0.927895, 0.000000, -0.372842, 0.000000), (0.000000, 0.000000, 0.000000, 1.000000))
182 800 324 600 173.806
MatrizRotacion: mat4x4((-0.593944, 0.000000, -0.804506, 0.000000), (0.000000, 0.999999, 0.000000, 0.000000), (0.804506, 0.000000, -0.593944, 0.000000), (0.000000, 0.000000, 0.000000, 1.000000))
196 800 307 600 178.125
MatrizRotacion: mat4x4((-0.304852, 0.000000, 0.952399, 0.000000), (0.000000, 0.999999, 0.000000, 0.000000), (-0.952399, 0.000000, -0.304852, 0.000000), (0.000000, 0.000000, 0.000000, 1.000000))
220 800 289 600 176.592
MatrizRotacion: mat4x4((0.346166, 0.000000, 0.938173, 0.000000), (0.000000, 0.999999, 0.000000, 0.000000), (-0.938173, 0.000000, 0.346166, 0.000000), (0.000000, 0.000000, 0.000000, 1.000000))
223 800 287 600 175.889
MatrizRotacion: mat4x4((0.307764, 0.000000, 0.951462, 0.000000), (0.000000, 0.999999, 0.000000, 0.000000), (-0.951462, 0.000000, 0.307764, 0.000000), (0.000000, 0.000000, 0.000000, 1.000000))
258 800 265 600 166.238
MatrizRotacion: mat4x4((-0.046483, 0.000000, -0.998919, 0.000000), (0.000000, 0.999999, 0.000000, 0.000000), (0.998919, 0.000000, -0.046483, 0.000000), (0.000000, 0.000000, 0.000000, 1.000000))
306 800 240 600 147.525
MatrizRotacion: mat4x4((-0.083462, 0.000000, 0.996510, 0.000000), (0.000000, 0.999999, 0.000000, 0.000000), (-0.996510, 0.000000, -0.083462, 0.000000), (0.000000, 0.000000, 0.000000, 1.000000))
372 800 219 600 109.125
MatrizRotacion: mat4x4((0.792435, 0.000000, -0.609956, 0.000000), (0.000000, 0.999999, 0.000000, 0.000000), (0.609956, 0.000000, 0.792435, 0.000000), (0.000000, 0.000000, 0.000000, 1.000000))
435 800 213 600 68.1197
MatrizRotacion: mat4x4((0.942966, 0.000000, 0.332889, 0.000000), (0.000000, 0.999999, 0.000000, 0.000000), (-0.332889, 0.000000, 0.942966, 0.000000), (0.000000, 0.000000, 0.000000, 1.000000))
498 800 218 600 39.9406
MatrizRotacion: mat4x4((-0.325334, 0.000000, -0.945598, 0.000000), (0.000000, 0.999999, 0.000000, 0.000000), (0.945598, 0.000000, -0.325334, 0.000000), (0.000000, 0.000000, 0.000000, 1.000000))
557 800 238 600 21.5602
MatrizRotacion: mat4x4((-0.099404, 0.000000, 0.995047, 0.000000), (0.000000, 0.999999, 0.000000, 0.000000), (-0.995047, 0.000000, -0.099404, 0.000000), (0.000000, 0.000000, 0.000000, 1.000000))
594 800 256 600 12.7852
MatrizRotacion: mat4x4((0.118993, 0.000000, 0.992895, 0.000000), (0.000000, 0.999999, 0.000000, 0.000000), (-0.992895, 0.000000, 0.118993, 0.000000), (0.000000, 0.000000, 0.000000, 1.000000))
612 800 275 600 6.72893
MatrizRotacion: mat4x4((0.535431, 0.000000, 0.844578, 0.000000), (0.000000, 0.999999, 0.000000, 0.000000), (-0.844578, 0.000000, 0.535431, 0.000000), (0.000000, 0.000000, 0.000000, 1.000000))
625 800 304 600 1.019
MatrizRotacion: mat4x4((0.999912, 0.000000, -0.013223, 0.000000), (0.000000, 0.999999, 0.000000, 0.000000), (0.013223, 0.000000, 0.999912, 0.000000), (0.000000, 0.000000, 0.000000, 1.000000))
626 800 337 600 9.30251
MatrizRotacion: mat4x4((-0.994060, 0.000000, -0.108825, 0.000000), (0.000000, 0.999999, 0.000000, 0.000000), (0.108825, 0.000000, -0.994060, 0.000000), (0.000000, 0.000000, 0.000000, 1.000000))
622 800 365 600 16.3279
MatrizRotacion: mat4x4((0.872292, 0.000000, -0.488984, 0.000000), (0.000000, 0.999999, 0.000000, 0.000000), (0.488984, 0.000000, 0.872292, 0.000000), (0.000000, 0.000000, 0.000000, 1.000000))
610 800 385 600 22.0474
MatrizRotacion: mat4x4((-0.843418, 0.000000, 0.537256, 0.000000), (0.000000, 0.999999, 0.000000, 0.000000), (-0.537256, 0.000000, -0.843418, 0.000000), (0.000000, 0.000000, 0.000000, 1.000000))
607 800 388 600 23.043
MatrizRotacion: mat4x4((-0.048253, 0.000000, -0.998835, 0.000000), (0.000000, 0.999999, 0.000000, 0.000000), (0.998835, 0.000000, -0.048253, 0.000000), (0.000000, 0.000000, 0.000000, 1.000000))
593 800 403 600 28.1021
MatrizRotacion: mat4x4((-0.123607, 0.000000, 0.992331, 0.000000), (0.000000, 0.999999, 0.000000, 0.000000), (-0.992331, 0.000000, -0.123607, 0.000000), (0.000000, 0.000000, 0.000000, 1.000000))
579 800 412 600 32.0504
MatrizRotacion: mat4x4((0.488653, 0.000000, 0.872477, 0.000000), (0.000000, 0.999999, 0.000000, 0.000000), (-0.872477, 0.000000, 0.488653, 0.000000), (0.000000, 0.000000, 0.000000, 1.000000))
568 800 418 600 35.1013
MatrizRotacion: mat4x4((-0.869552, 0.000000, -0.493840, 0.000000), (0.000000, 0.999999, 0.000000, 0.000000), (0.493840, 0.000000, -0.869552, 0.000000), (0.000000, 0.000000, 0.000000, 1.000000))
565 800 418 600 35.5886
MatrizRotacion: mat4x4((0.870522, 0.000000, -0.492129, 0.000000), (0.000000, 0.999999, 0.000000, 0.000000), (0.492129, 0.000000, 0.870522, 0.000000), (0.000000, 0.000000, 0.000000, 1.000000))
549 800 418 600 38.3968
MatrizRotacion: mat4x4((0.350938, 0.000000, -0.936398, 0.000000), (0.000000, 0.999999, 0.000000, 0.000000), (0.936398, 0.000000, 0.350938, 0.000000), (0.000000, 0.000000, 0.000000, 1.000000))
530 800 418 600 42.2512
MatrizRotacion: mat4x4((0.868381, 0.000000, 0.495897, 0.000000), (0.000000, 0.999999, 0.000000, 0.000000), (-0.495897, 0.000000, 0.868381, 0.000000), (0.000000, 0.000000, 0.000000, 1.000000))
508 800 411 600 45.808
MatrizRotacion: mat4x4((0.260860, 0.000000, -0.965376, 0.000000), (0.000000, 0.999999, 0.000000, 0.000000), (0.965376, 0.000000, 0.260860, 0.000000), (0.000000, 0.000000, 0.000000, 1.000000))
480 800 399 600 51.0849
MatrizRotacion: mat4x4((-0.527358, 0.000000, -0.849642, 0.000000), (0.000000, 0.999999, 0.000000, 0.000000), (0.849642, 0.000000, -0.527358, 0.000000), (0.000000, 0.000000, 0.000000, 1.000000))
453 800 379 600 56.1714
MatrizRotacion: mat4x4((-0.177247, 0.000000, -0.984166, 0.000000), (0.000000, 0.999999, 0.000000, 0.000000), (0.984166, 0.000000, -0.177247, 0.000000), (0.000000, 0.000000, 0.000000, 1.000000))
418 800 345 600 68.2332
MatrizRotacion: mat4x4((0.647016, 0.000000, -0.762476, 0.000000), (0.000000, 0.999999, 0.000000, 0.000000), (0.762476, 0.000000, 0.647016, 0.000000), (0.000000, 0.000000, 0.000000, 1.000000))
391 800 315 600 121.025
MatrizRotacion: mat4x4((-0.808102, 0.000000, -0.589043, 0.000000), (0.000000, 0.999999, 0.000000, 0.000000), (0.589043, 0.000000, -0.808102, 0.000000), (0.000000, 0.000000, 0.000000, 1.000000))
371 800 278 600 142.888
MatrizRotacion: mat4x4((0.632374, 0.000000, -0.774663, 0.000000), (0.000000, 0.999999, 0.000000, 0.000000), (0.774663, 0.000000, 0.632374, 0.000000), (0.000000, 0.000000, 0.000000, 1.000000))
368 800 262 600 130.167
MatrizRotacion: mat4x4((0.626448, 0.000000, 0.779463, 0.000000), (0.000000, 0.999999, 0.000000, 0.000000), (-0.779463, 0.000000, 0.626448, 0.000000), (0.000000, 0.000000, 0.000000, 1.000000))
372 800 250 600 119.309
MatrizRotacion: mat4x4((0.569408, 0.000000, 0.822055, 0.000000), (0.000000, 0.999999, 0.000000, 0.000000), (-0.822055, 0.000000, 0.569408, 0.000000), (0.000000, 0.000000, 0.000000, 1.000000))
389 800 237 600 99.9549
MatrizRotacion: mat4x4((0.029673, 0.000000, 0.999559, 0.000000), (0.000000, 0.999999, 0.000000, 0.000000), (-0.999559, 0.000000, 0.029673, 0.000000), (0.000000, 0.000000, 0.000000, 1.000000))
391 800 235 600 97.9328
MatrizRotacion: mat4x4((-0.542231, 0.000000, -0.840229, 0.000000), (0.000000, 0.999999, 0.000000, 0.000000), (0.840229, 0.000000, -0.542231, 0.000000), (0.000000, 0.000000, 0.000000, 1.000000))
420 800 227 600 74.7164
MatrizRotacion: mat4x4((0.108549, 0.000000, -0.994091, 0.000000), (0.000000, 0.999999, 0.000000, 0.000000), (0.994091, 0.000000, 0.108549, 0.000000), (0.000000, 0.000000, 0.000000, 1.000000))
456 800 221 600 54.6964
MatrizRotacion: mat4x4((0.924819, 0.000000, 0.380406, 0.000000), (0.000000, 0.999999, 0.000000, 0.000000), (-0.380406, 0.000000, 0.924819, 0.000000), (0.000000, 0.000000, 0.000000, 1.000000))
461 800 221 600 52.3529
MatrizRotacion: mat4x4((-0.126096, 0.000000, -0.992018, 0.000000), (0.000000, 0.999999, 0.000000, 0.000000), (0.992018, 0.000000, -0.126096, 0.000000), (0.000000, 0.000000, 0.000000, 1.000000))
495 800 221 600 39.7664
MatrizRotacion: mat4x4((-0.812200, 0.000000, 0.583378, 0.000000), (0.000000, 0.999999, 0.000000, 0.000000), (-0.583378, 0.000000, -0.812200, 0.000000), (0.000000, 0.000000, 0.000000, 1.000000))
TIME: 0.0171856

POS ANTES: 
X: 0
Y: 0
Z: 0


POS DESPUES: 
X: 0
Y: 0
Z: -0.859282

499 800 222 600 38.2532
MatrizRotacion: mat4x4((-0.383709, 0.000000, 0.923453, 0.000000), (0.000000, 0.999999, 0.000000, 0.000000), (-0.923453, 0.000000, -0.383709, 0.000000), (0.000000, 0.000000, 0.000000, 1.000000))
530 800 235 600 26.5785
MatrizRotacion: mat4x4((0.868403, 0.000000, 0.495857, 0.000000), (0.000000, 0.999999, 0.000000, 0.000000), (-0.495857, 0.000000, 0.868403, 0.000000), (0.000000, 0.000000, 0.000000, 1.000000))
549 800 248 600 19.2484
MatrizRotacion: mat4x4((0.992811, 0.000000, 0.119687, 0.000000), (0.000000, 0.999999, 0.000000, 0.000000), (-0.119687, 0.000000, 0.992811, 0.000000), (0.000000, 0.000000, 0.000000, 1.000000))
565 800 270 600 10.3101
MatrizRotacion: mat4x4((-0.721160, 0.000000, 0.692768, 0.000000), (0.000000, 0.999999, 0.000000, 0.000000), (-0.692768, 0.000000, -0.721160, 0.000000), (0.000000, 0.000000, 0.000000, 1.000000))
573 800 300 600 0
MatrizRotacion: mat4x4((-0.721160, 0.000000, 0.692768, 0.000000), (0.000000, 0.999999, 0.000000, 0.000000), (-0.692768, 0.000000, -0.721160, 0.000000), (0.000000, 0.000000, 0.000000, 1.000000))
574 800 328 600 9.14628
MatrizRotacion: mat4x4((0.883825, 0.000000, -0.467817, 0.000000), (0.000000, 0.999999, 0.000000, 0.000000), (0.467817, 0.000000, 0.883825, 0.000000), (0.000000, 0.000000, 0.000000, 1.000000))
561 800 360 600 20.4493
MatrizRotacion: mat4x4((-0.493222, 0.000000, -0.869903, 0.000000), (0.000000, 0.999999, 0.000000, 0.000000), (0.869903, 0.000000, -0.493222, 0.000000), (0.000000, 0.000000, 0.000000, 1.000000))
536 800 393 600 34.3827
MatrizRotacion: mat4x4((0.334375, 0.000000, 0.942440, 0.000000), (0.000000, 0.999999, 0.000000, 0.000000), (-0.942440, 0.000000, 0.334375, 0.000000), (0.000000, 0.000000, 0.000000, 1.000000))
530 800 398 600 37.0294
MatrizRotacion: mat4x4((-0.322836, 0.000000, 0.946455, 0.000000), (0.000000, 0.999999, 0.000000, 0.000000), (-0.946455, 0.000000, -0.322836, 0.000000), (0.000000, 0.000000, 0.000000, 1.000000))
495 800 423 600 52.3456
MatrizRotacion: mat4x4((0.983744, 0.000000, -0.179575, 0.000000), (0.000000, 0.999999, 0.000000, 0.000000), (0.179575, 0.000000, 0.983744, 0.000000), (0.000000, 0.000000, 0.000000, 1.000000))
460 800 439 600 66.6861
MatrizRotacion: mat4x4((-0.626882, 0.000000, 0.779114, 0.000000), (0.000000, 0.999999, 0.000000, 0.000000), (-0.779114, 0.000000, -0.626882, 0.000000), (0.000000, 0.000000, 0.000000, 1.000000))
423 800 442 600 80.8406
MatrizRotacion: mat4x4((-0.998626, 0.000000, 0.052402, 0.000000), (0.000000, 0.999999, 0.000000, 0.000000), (-0.052402, 0.000000, -0.998626, 0.000000), (0.000000, 0.000000, 0.000000, 1.000000))
393 800 442 600 92.8692
MatrizRotacion: mat4x4((-0.242241, 0.000000, -0.970216, 0.000000), (0.000000, 0.999999, 0.000000, 0.000000), (0.970216, 0.000000, -0.242241, 0.000000), (0.000000, 0.000000, 0.000000, 1.000000))
365 800 434 600 104.691
MatrizRotacion: mat4x4((0.953146, 0.000000, 0.302511, 0.000000), (0.000000, 0.999999, 0.000000, 0.000000), (-0.302511, 0.000000, 0.953146, 0.000000), (0.000000, 0.000000, 0.000000, 1.000000))
361 800 432 600 106.514
MatrizRotacion: mat4x4((0.821100, 0.000000, 0.570785, 0.000000), (0.000000, 0.999999, 0.000000, 0.000000), (-0.570785, 0.000000, 0.821100, 0.000000), (0.000000, 0.000000, 0.000000, 1.000000))
340 800 418 600 117.012
MatrizRotacion: mat4x4((-0.986399, 0.000000, 0.164366, 0.000000), (0.000000, 0.999999, 0.000000, 0.000000), (-0.164366, 0.000000, -0.986399, 0.000000), (0.000000, 0.000000, 0.000000, 1.000000))
325 800 399 600 127.211
MatrizRotacion: mat4x4((0.141320, 0.000000, 0.989964, 0.000000), (0.000000, 0.999999, 0.000000, 0.000000), (-0.989964, 0.000000, 0.141320, 0.000000), (0.000000, 0.000000, 0.000000, 1.000000))
319 800 373 600 138.044
MatrizRotacion: mat4x4((-0.044551, 0.000000, 0.999007, 0.000000), (0.000000, 0.999999, 0.000000, 0.000000), (-0.999007, 0.000000, -0.044551, 0.000000), (0.000000, 0.000000, 0.000000, 1.000000))
319 800 371 600 138.834
MatrizRotacion: mat4x4((0.530991, 0.000000, 0.847377, 0.000000), (0.000000, 0.999999, 0.000000, 0.000000), (-0.847377, 0.000000, 0.530991, 0.000000), (0.000000, 0.000000, 0.000000, 1.000000))
319 800 341 600 153.23
MatrizRotacion: mat4x4((0.147355, 0.000000, -0.989083, 0.000000), (0.000000, 0.999999, 0.000000, 0.000000), (0.989083, 0.000000, 0.147355, 0.000000), (0.000000, 0.000000, 0.000000, 1.000000))
331 800 315 600 167.82
MatrizRotacion: mat4x4((0.919966, 0.000000, 0.391999, 0.000000), (0.000000, 0.999999, 0.000000, 0.000000), (-0.391999, 0.000000, 0.919966, 0.000000), (0.000000, 0.000000, 0.000000, 1.000000))
350 800 293 600 172.118
MatrizRotacion: mat4x4((-0.477707, 0.000000, -0.878519, 0.000000), (0.000000, 0.999999, 0.000000, 0.000000), (0.878519, 0.000000, -0.477707, 0.000000), (0.000000, 0.000000, 0.000000, 1.000000))
380 800 275 600 128.725
MatrizRotacion: mat4x4((0.405760, 0.000000, 0.913979, 0.000000), (0.000000, 0.999999, 0.000000, 0.000000), (-0.913979, 0.000000, 0.405760, 0.000000), (0.000000, 0.000000, 0.000000, 1.000000))
385 800 272 600 118.239
MatrizRotacion: mat4x4((-0.662513, 0.000000, 0.749050, 0.000000), (0.000000, 0.999999, 0.000000, 0.000000), (-0.749050, 0.000000, -0.662513, 0.000000), (0.000000, 0.000000, 0.000000, 1.000000))
422 800 261 600 60.6033
MatrizRotacion: mat4x4((-0.187714, 0.000000, -0.982223, 0.000000), (0.000000, 0.999999, 0.000000, 0.000000), (0.982223, 0.000000, -0.187714, 0.000000), (0.000000, 0.000000, 0.000000, 1.000000))
467 800 258 600 32.0985
MatrizRotacion: mat4x4((-0.765211, 0.000000, -0.643780, 0.000000), (0.000000, 0.999999, 0.000000, 0.000000), (0.643780, 0.000000, -0.765211, 0.000000), (0.000000, 0.000000, 0.000000, 1.000000))
505 800 259 600 21.3403
MatrizRotacion: mat4x4((0.218718, 0.000000, 0.975788, 0.000000), (0.000000, 0.999999, 0.000000, 0.000000), (-0.975788, 0.000000, 0.218718, 0.000000), (0.000000, 0.000000, 0.000000, 1.000000))
512 800 261 600 19.2086
MatrizRotacion: mat4x4((0.547631, 0.000000, 0.836720, 0.000000), (0.000000, 0.999999, 0.000000, 0.000000), (-0.836720, 0.000000, 0.547631, 0.000000), (0.000000, 0.000000, 0.000000, 1.000000))
549 800 276 600 9.1549
MatrizRotacion: mat4x4((-0.304725, 0.000000, -0.952440, 0.000000), (0.000000, 0.999999, 0.000000, 0.000000), (0.952440, 0.000000, -0.304725, 0.000000), (0.000000, 0.000000, 0.000000, 1.000000))
575 800 292 600 2.61874
MatrizRotacion: mat4x4((-0.211590, 0.000000, 0.977358, 0.000000), (0.000000, 0.999999, 0.000000, 0.000000), (-0.977358, 0.000000, -0.211590, 0.000000), (0.000000, 0.000000, 0.000000, 1.000000))
587 800 307 600 2.14485
MatrizRotacion: mat4x4((0.935597, 0.000000, -0.353070, 0.000000), (0.000000, 0.999999, 0.000000, 0.000000), (0.353070, 0.000000, 0.935597, 0.000000), (0.000000, 0.000000, 0.000000, 1.000000))
589 800 309 600 2.72769
MatrizRotacion: mat4x4((-0.998593, 0.000000, -0.053023, 0.000000), (0.000000, 0.999999, 0.000000, 0.000000), (0.053023, 0.000000, -0.998593, 0.000000), (0.000000, 0.000000, 0.000000, 1.000000))
590 800 324 600 7.20289
MatrizRotacion: mat4x4((-0.647382, 0.000000, 0.762165, 0.000000), (0.000000, 0.999999, 0.000000, 0.000000), (-0.762165, 0.000000, -0.647382, 0.000000), (0.000000, 0.000000, 0.000000, 1.000000))
587 800 347 600 14.1155
MatrizRotacion: mat4x4((0.747940, 0.000000, 0.663766, 0.000000), (0.000000, 0.999999, 0.000000, 0.000000), (-0.663766, 0.000000, 0.747940, 0.000000), (0.000000, 0.000000, 0.000000, 1.000000))
565 800 378 600 25.3142
MatrizRotacion: mat4x4((0.855453, 0.000000, 0.517880, 0.000000), (0.000000, 0.999999, 0.000000, 0.000000), (-0.517880, 0.000000, 0.855453, 0.000000), (0.000000, 0.000000, 0.000000, 1.000000))
533 800 411 600 39.8681
